TITLE:  An Experimental Investigation of the Flow through an Axial-Flow Pump
AUTHORS:  Zierke, Straka, and Taylor
JOURNAL PAPER FIGURE(S):  NA
PSU/ARL TR 93-12 FIGURE(S):  42a  
*****************************************************************************
DATA TITLE:   2-Component LDV Measurements of Unsteady Potential Flow Effect  
              at 76.2% Span, 28.0% Chord Upstream of Rotor Blade Leading Edge
MEASUREMENT TYPE:  2-component Laser Doppler Velocimetry
MEASUREMENT LOCATION:  76.2% span, 28.0% local rotor chord axially upstream
                       rotor blade leading edge
NOMINAL CONDITIONS:  
  vinf = 35.0 ft/sec
  pref = 43.2 psia
  rho  = 1.932 slugs/ft^3
  rotor rpm  = 260
  rotor tip speed, Utip = 47.6 ft/sec
  volumetric flow coefficient = 1.36
  rotor chord = variable with span 
                (10.49 in. @ tip, 11.22 in. @ hub, 10.72 in. @ 76.2% span)
  rotor span  = 10.50 inches
DATA COLUMNS:
  1 -- Location of measurement volume in degrees 
  2 -- mean axial velocity component in measurement volume, Vz, [ft/sec]
  3 -- sample variance of axial velocity component, [ft/sec]^2
  4 -- mean axial tangential component in measurement volume, Vt, [ft/sec]
  5 -- sample variance of tangential velocity component, [ft/sec]^2
*****************************************************************************
0.25000    35.41540    2.79330    4.55590    0.02540    
0.75000    35.60990    2.12650    4.45260    0.03500    
1.25000    35.56640    1.85020    4.45190    0.03040    
1.75000    35.67610    0.69370    4.39050    0.03240    
2.25000    35.22140    1.97270    4.39350    0.02380    
2.75000    35.49400    1.27190    4.33410    0.02810    
3.25000    35.47970    0.91450    4.35900    0.02000    
3.75000    35.36090    0.88650    4.35540    0.03150    
4.25000    34.83600    3.32910    4.28980    0.02090    
4.75000    34.96210    2.45070    4.28850    0.02400    
5.25000    35.04990    1.04190    4.27870    0.02910    
5.75000    34.95620    1.97700    4.27360    0.02960    
6.25000    34.89870    1.52110    4.27210    0.04480    
6.75000    34.89560    1.06360    4.29240    0.02880    
7.25000    34.91040    2.17310    4.29550    0.02700    
7.75000    34.72720    0.82490    4.32430    0.02530    
8.25000    34.54370    1.82080    4.32800    0.01530    
8.75000    34.52590    1.06080    4.35050    0.02730    
9.25000    34.35600    1.79040    4.41300    0.02270    
9.75000    34.21540    1.37360    4.43130    0.01910    
10.25000    34.36820    1.33810    4.42370    0.01600    
10.75000    34.13970    1.00900    4.51990    0.01870    
11.25000    34.14680    0.79190    4.56540    0.01960    
11.75000    34.08980    0.70420    4.58280    0.01610    
12.25000    33.79450    1.94480    4.64110    0.02660    
12.75000    33.88580    0.94940    4.70460    0.02880    
13.25000    33.66110    1.73410    4.73870    0.02560    
13.75000    33.66290    1.01140    4.83980    0.02360    
14.25000    33.82870    0.62950    4.89220    0.02040    
14.75000    33.69390    0.91910    5.00750    0.01870    
15.25000    33.38360    1.51020    5.06470    0.02630    
15.75000    33.34170    1.76440    5.18740    0.02180    
16.25000    33.25120    2.90310    5.27430    0.02200    
16.75000    33.29390    0.93440    5.34140    0.02280    
17.25000    33.44400    0.80460    5.45700    0.02420    
17.75000    33.30020    1.68160    5.60940    0.03970    
18.25000    33.57620    0.30500    5.68640    0.03270    
18.75000    33.36340    1.29290    5.79260    0.02060    
19.25000    33.51690    0.53640    5.90370    0.03120    
19.75000    33.34810    1.77020    6.03010    0.02130    
20.25000    33.35120    1.98290    6.13940    0.03820    
20.75000    33.41350    1.46140    6.22740    0.03330    
21.25000    33.45850    1.96400    6.31620    0.03050    
21.75000    33.52010    0.81730    6.44920    0.03500    
22.25000    33.45380    1.82180    6.55360    0.04280    
22.75000    33.52500    3.25150    6.61940    0.02160    
23.25000    33.85420    0.83530    6.67050    0.04210    
23.75000    33.92290    0.77780    6.79150    0.04190    
24.25000    33.92530    1.33800    6.92040    0.03430    
24.75000    34.23810    0.64680    6.96440    0.05850    
25.25000    34.08350    1.58480    6.98600    0.03850    
25.75000    34.37190    0.85980    7.07830    0.04010    
26.25000    33.98080    2.66350    7.12010    0.03410    
26.75000    34.34510    1.53180    7.20600    0.05040    
27.25000    34.54100    1.17110    7.20810    0.02790    
27.75000    34.59550    2.27870    7.21550    0.04240    
28.25000    34.73750    1.75290    7.23900    0.03900    
28.75000    34.89130    1.99880    7.21490    0.03060    
29.25000    34.92540    1.94740    7.23690    0.02880    
29.75000    35.00600    1.67120    7.22240    0.03350    
30.25000    35.42240    1.04560    7.24380    0.05560    
30.75000    35.40180    1.21680    7.22610    0.03610    
31.25000    35.47480    1.43210    7.16870    0.04600    
31.75000    35.28510    1.82590    7.16320    0.06210    
32.25000    35.74680    1.45070    7.12010    0.06400    
32.75000    35.49210    1.67360    7.08250    0.07320    
33.25000    35.91620    0.85820    7.00820    0.05960    
33.75000    35.91110    0.84740    6.93760    0.06510    
34.25000    35.94530    2.16730    6.91090    0.06740    
34.75000    35.98800    1.68210    6.83460    0.07460    
35.25000    35.94460    1.74260    6.80570    0.07830    
35.75000    36.09560    1.65910    6.65310    0.04400    
36.25000    36.44010    0.52440    6.64440    0.07780    
36.75000    36.08550    2.37530    6.55250    0.08100    
37.25000    36.09940    3.29260    6.48240    0.03820    
37.75000    36.21620    2.46240    6.34540    0.08420    
38.25000    35.91300    3.04240    6.32010    0.04930    
38.75000    36.50340    2.10250    6.21740    0.05680    
39.25000    36.25930    4.09450    6.16410    0.04960    
39.75000    36.75120    0.42950    6.13060    0.07040    
40.25000    36.11130    4.49620    6.06240    0.08740    
40.75000    36.10430    3.35090    5.93380    0.03960    
41.25000    36.01320    2.97610    5.82060    0.04490    
41.75000    36.46700    1.81450    5.70300    0.03160    
42.25000    36.07360    3.34570    5.67500    0.07940    
42.75000    35.93570    5.32840    5.64280    0.02820    
43.25000    36.35110    2.10090    5.55990    0.05790    
43.75000    36.35060    1.22520    5.48660    0.04220    
44.25000    36.14140    4.64190    5.38940    0.04550    
44.75000    36.11980    2.62210    5.25900    0.04460    
45.25000    36.25070    2.22670    5.24240    0.03880    
45.75000    36.29340    1.72420    5.17020    0.03420    
46.25000    35.96820    2.80010    5.09940    0.02630    
46.75000    36.32870    1.47870    4.99970    0.04130    
47.25000    35.97290    2.36510    4.93700    0.04320    
47.75000    36.42590    1.18400    4.95770    0.02780    
48.25000    36.03320    1.21760    4.85110    0.03590    
48.75000    35.97350    3.53390    4.80950    0.03260    
49.25000    35.79750    2.30850    4.72040    0.03120    
49.75000    35.98820    1.41770    4.65510    0.02850    
50.25000    35.87900    0.79420    4.61930    0.03530    
50.75000    35.48480    2.32700    4.53750    0.03020    
51.25000    35.44420    2.82310    4.55790    0.03560    
51.75000    35.40590    1.69140    4.50940    0.02930    
52.25000    35.77760    1.38540    4.44350    0.02590    
52.75000    35.32310    2.76970    4.47160    0.02590    
53.25000    35.49330    2.27220    4.40650    0.02660    
53.75000    35.69610    0.84360    4.34160    0.02140    
54.25000    35.42420    0.83790    4.34170    0.03180    
54.75000    35.04210    2.32910    4.32610    0.02470    
55.25000    35.18270    1.72120    4.32320    0.02490    
55.75000    34.96920    1.82230    4.29000    0.02280    
56.25000    35.02130    1.44990    4.27930    0.02030    
56.75000    35.10500    0.65720    4.26390    0.03180    
57.25000    34.73310    1.87630    4.26750    0.01920    
57.75000    34.84330    1.70110    4.27310    0.04170    
58.25000    34.77200    1.39520    4.25730    0.01940    
58.75000    34.71440    1.26070    4.27230    0.02080    
59.25000    34.55660    1.10290    4.25440    0.02290    
59.75000    34.53040    1.19300    4.29990    0.02020    
60.25000    34.35570    2.76930    4.28860    0.02090    
60.75000    34.69260    0.32410    4.34000    0.02120    
61.25000    34.30150    0.92560    4.36730    0.02670    
61.75000    34.33670    0.74640    4.41320    0.02310    
62.25000    34.31590    0.42270    4.47290    0.01940    
62.75000    34.02420    1.81810    4.49830    0.02240    
63.25000    34.04860    0.97700    4.55030    0.02090    
63.75000    33.98790    0.88430    4.58730    0.02080    
64.25000    33.72430    1.56430    4.66200    0.01860    
64.75000    33.77890    1.18200    4.73770    0.01830    
65.25000    33.50900    2.83330    4.77220    0.02530    
65.75000    33.60580    0.96050    4.87400    0.02420    
66.25000    33.52360    1.26780    4.97650    0.03130    
66.75000    33.65900    0.63410    5.05000    0.02370    
67.25000    33.61770    1.07490    5.14390    0.02100    
67.75000    33.20110    3.04930    5.24360    0.02720    
68.25000    33.41260    1.10630    5.37280    0.03070    
68.75000    33.47440    0.96950    5.43870    0.03040    
69.25000    33.40780    1.56580    5.53070    0.03390    
69.75000    33.11430    1.50260    5.63310    0.02520    
70.25000    33.35890    0.79970    5.76680    0.03230    
70.75000    33.16640    1.28630    5.87410    0.02690    
71.25000    33.36500    2.02850    5.97220    0.03080    
71.75000    33.28980    1.46770    6.09050    0.03620    
72.25000    33.37920    0.84000    6.22210    0.03100    
72.75000    33.39150    1.30450    6.26720    0.03430    
73.25000    33.33240    1.35850    6.39140    0.04090    
73.75000    33.59830    1.26640    6.48910    0.03330    
74.25000    33.81010    0.79640    6.58940    0.03560    
74.75000    33.69490    1.10530    6.68200    0.03950    
75.25000    33.69890    1.57080    6.80040    0.02450    
75.75000    34.08130    1.51690    6.81500    0.03560    
76.25000    33.98910    1.45730    6.90660    0.03380    
76.75000    33.99110    1.83260    6.99720    0.03430    
77.25000    34.39760    0.92180    7.01080    0.03730    
77.75000    34.33630    1.31710    7.05870    0.02630    
78.25000    34.19840    2.29500    7.11560    0.04110    
78.75000    34.54090    1.32590    7.11380    0.04160    
79.25000    34.66260    1.99030    7.14510    0.02840    
79.75000    34.68750    1.49270    7.20870    0.03730    
80.25000    35.15830    0.71400    7.17560    0.04950    
80.75000    35.19220    1.37090    7.19570    0.03480    
81.25000    34.99100    2.02090    7.19740    0.06940    
81.75000    35.18930    1.63300    7.18240    0.03680    
82.25000    35.49210    0.69370    7.19170    0.04540    
82.75000    35.03610    3.09550    7.13840    0.04610    
83.25000    35.20260    4.44370    7.12240    0.04470    
83.75000    35.74950    1.41650    7.10770    0.04770    
84.25000    35.50140    2.07980    7.04290    0.06900    
84.75000    35.24260    3.83880    6.98330    0.09470    
85.25000    36.01900    0.91650    6.92150    0.03530    
85.75000    35.99450    0.99150    6.86320    0.05580    
86.25000    36.21350    1.49100    6.79950    0.06710    
86.75000    35.75620    2.44400    6.70640    0.06150    
87.25000    35.85260    3.16510    6.68530    0.05610    
87.75000    36.09150    2.36480    6.59860    0.04610    
88.25000    36.30380    0.97000    6.50510    0.06760    
88.75000    36.31910    0.96880    6.47950    0.07090    
89.25000    36.30330    2.16080    6.38610    0.05690    
89.75000    36.38770    0.69330    6.32780    0.06500    
90.25000    36.02610    2.30200    6.20130    0.08220    
90.75000    36.29080    2.94680    6.19650    0.06330    
91.25000    35.88530    3.05400    6.07340    0.04320    
91.75000    36.02750    3.24500    6.00580    0.07180    
92.25000    36.36160    0.81310    5.93560    0.05560    
92.75000    36.42030    1.20330    5.85360    0.04900    
93.25000    36.09850    2.43330    5.75250    0.04770    
93.75000    36.13590    2.75520    5.65300    0.03760    
94.25000    36.15430    3.38720    5.57020    0.04140    
94.75000    36.24950    1.92230    5.53870    0.03540    
95.25000    36.02550    3.14270    5.47650    0.03650    
95.75000    35.96720    2.57720    5.37310    0.04410    
96.25000    36.20820    0.87480    5.29260    0.03350    
96.75000    36.28560    1.32730    5.30100    0.28350    
97.25000    35.76280    4.27990    5.17010    0.04140    
97.75000    36.19480    0.48890    5.06740    0.04180    
98.25000    35.85690    2.52450    5.01590    0.03360    
98.75000    36.10000    0.84160    4.98770    0.02910    
99.25000    35.69440    4.08370    4.88730    0.03410    
99.75000    35.82220    2.95660    4.86270    0.02650    
100.25000    35.92140    1.60900    4.80520    0.04000    
100.75000    35.58260    4.32550    4.75480    0.04320    
101.25000    35.60150    3.01180    4.71000    0.05980    
101.75000    35.23570    4.66090    4.68030    0.03200    
102.25000    35.76490    1.10210    4.62100    0.03380    
102.75000    35.44950    1.87130    4.59510    0.03140    
103.25000    34.85800    4.18360    4.52210    0.02670    
103.75000    35.50390    0.74140    4.49800    0.03060    
104.25000    35.36140    2.50660    4.49170    0.03020    
104.75000    35.41060    1.12210    4.46800    0.03400    
105.25000    35.14550    1.77050    4.40290    0.02340    
105.75000    35.01920    2.07290    4.40210    0.02320    
106.25000    35.32240    0.43670    4.37790    0.02670    
106.75000    35.10760    1.17620    4.33610    0.03110    
107.25000    34.73650    1.65660    4.37920    0.02220    
107.75000    34.91950    1.74090    4.34740    0.02140    
108.25000    34.58580    2.49640    4.30230    0.02500    
108.75000    34.54420    1.65730    4.34930    0.02960    
109.25000    34.66440    0.92100    4.39970    0.03140    
109.75000    34.51220    1.59880    4.34670    0.02210    
110.25000    34.59880    0.57940    4.38260    0.02660    
110.75000    34.13460    2.84320    4.40290    0.03540    
111.25000    34.38800    0.70560    4.43480    0.02960    
111.75000    34.35780    1.19680    4.42910    0.02600    
112.25000    34.26190    0.96680    4.49850    0.02730    
112.75000    33.97200    2.21990    4.51850    0.02500    
113.25000    34.16500    0.61520    4.57880    0.02860    
113.75000    34.09410    0.77260    4.61750    0.01850    
114.25000    33.99300    0.80140    4.67950    0.02470    
114.75000    33.76110    2.42110    4.70570    0.03960    
115.25000    33.82630    0.59580    4.80050    0.02590    
115.75000    33.62820    1.11700    4.85430    0.02040    
116.25000    33.46710    2.20350    4.90910    0.01710    
116.75000    33.55170    1.25230    4.97690    0.01740    
117.25000    33.64490    0.49080    5.08580    0.02000    
117.75000    33.43060    1.00440    5.18320    0.02460    
118.25000    33.50890    0.54130    5.25440    0.03030    
118.75000    33.39960    0.75020    5.36100    0.02910    
119.25000    33.29960    0.93760    5.48750    0.03860    
119.75000    33.10260    2.11170    5.58830    0.03670    
120.25000    33.33230    0.79140    5.68620    0.02500    
120.75000    33.08910    1.32130    5.77360    0.03010    
121.25000    33.37940    0.36310    5.89470    0.03070    
121.75000    33.21770    0.94960    6.02940    0.03240    
122.25000    33.21890    2.94400    6.13580    0.02780    
122.75000    33.32310    0.77740    6.27480    0.03300    
123.25000    33.44960    0.68470    6.33490    0.03210    
123.75000    33.45320    0.82490    6.46650    0.04000    
124.25000    33.26680    1.61850    6.57900    0.03350    
124.75000    33.48700    1.23360    6.66810    0.02730    
125.25000    33.45270    1.03790    6.81220    0.04440    
125.75000    33.42180    1.74610    6.86300    0.05150    
126.25000    33.62260    1.67800    6.95570    0.04030    
126.75000    33.75040    0.93720    7.05640    0.03530    
127.25000    33.71280    2.11880    7.13500    0.04580    
127.75000    33.87170    1.99920    7.15460    0.04410    
128.25000    34.10480    1.37500    7.23370    0.04750    
128.75000    34.39910    1.00650    7.33560    0.03970    
129.25000    34.33530    1.98690    7.35510    0.04030    
129.75000    34.40060    1.38240    7.41530    0.05470    
130.25000    34.36550    1.43320    7.42690    0.03520    
130.75000    34.63130    0.95180    7.41900    0.06090    
131.25000    34.89230    1.38800    7.49410    0.04180    
131.75000    34.80280    2.92070    7.44290    0.06180    
132.25000    34.97740    2.15300    7.42530    0.03780    
132.75000    34.98030    1.66980    7.42370    0.06360    
133.25000    35.09420    2.72530    7.41670    0.07650    
133.75000    35.33130    1.24140    7.40750    0.06600    
134.25000    35.35750    2.56940    7.38740    0.06910    
134.75000    35.62410    1.50480    7.32410    0.06770    
135.25000    35.62930    1.67050    7.26290    0.07240    
135.75000    35.90020    1.10450    7.24650    0.06620    
136.25000    35.53170    4.50740    7.20970    0.06350    
136.75000    35.64040    1.72170    7.15320    0.05460    
137.25000    35.41370    5.37630    7.11210    0.06270    
137.75000    36.18930    0.92660    6.97460    0.05230    
138.25000    35.75620    4.22400    6.89320    0.04720    
138.75000    36.47870    0.92690    6.87090    0.07160    
139.25000    36.09900    2.51280    6.78420    0.06370    
139.75000    35.92950    3.53980    6.66830    0.05780    
140.25000    36.27120    3.34940    6.65150    0.10360    
140.75000    36.66050    0.61950    6.45330    0.04270    
141.25000    36.37750    2.22440    6.45600    0.04500    
141.75000    36.25090    2.11980    6.39030    0.06230    
142.25000    36.28340    2.84350    6.24640    0.04370    
142.75000    36.38980    2.34540    6.20920    0.06880    
143.25000    36.44020    1.72570    6.08430    0.06030    
143.75000    36.39070    3.08320    6.02730    0.05070    
144.25000    36.74640    1.42980    5.95000    0.04670    
144.75000    36.30100    3.60720    5.88680    0.04260    
145.25000    36.44790    1.44430    5.81030    0.04990    
145.75000    36.24490    1.99600    5.68760    0.05130    
146.25000    36.13120    4.81370    5.62680    0.05160    
146.75000    36.31870    2.02130    5.53880    0.03800    
147.25000    36.50790    1.16850    5.39970    0.02920    
147.75000    36.32520    2.41600    5.41730    0.03880    
148.25000    36.30580    2.76690    5.31530    0.02910    
148.75000    36.39910    2.88390    5.26010    0.03330    
149.25000    36.05800    1.53700    5.14080    0.03780    
149.75000    35.95060    2.41870    5.04040    0.02370    
150.25000    35.99970    4.83050    5.02700    0.02880    
150.75000    36.21120    1.91560    4.94170    0.03330    
151.25000    36.09100    2.83800    4.89740    0.02760    
151.75000    35.86010    5.39950    4.83980    0.03620    
152.25000    36.03630    1.70080    4.77650    0.04600    
152.75000    35.97010    1.64170    4.74750    0.07220    
153.25000    35.92710    2.19070    4.68310    0.02950    
153.75000    35.58540    3.34160    4.65140    0.03850    
154.25000    35.97930    1.41990    4.56270    0.02680    
154.75000    35.76180    1.82620    4.49350    0.02850    
155.25000    35.69280    0.71960    4.49480    0.03040    
155.75000    35.78020    0.80690    4.44670    0.03880    
156.25000    35.57310    1.50680    4.42020    0.03060    
156.75000    35.36980    1.19420    4.38550    0.02620    
157.25000    35.15050    2.43640    4.36090    0.03080    
157.75000    35.41180    1.08530    4.37110    0.02230    
158.25000    35.27160    4.89380    4.33210    0.03060    
158.75000    35.02150    2.44260    4.33440    0.02890    
159.25000    34.99700    2.76060    4.31870    0.02850    
159.75000    35.03430    1.09300    4.30460    0.02770    
160.25000    34.74330    2.16280    4.29560    0.01870    
160.75000    34.81900    1.78140    4.31350    0.02830    
161.25000    34.74960    1.83220    4.29680    0.02230    
161.75000    34.83850    1.47270    4.29600    0.01980    
162.25000    34.56390    1.82600    4.31430    0.03680    
162.75000    34.29190    2.91750    4.38130    0.01710    
163.25000    34.46250    1.25160    4.41870    0.01880    
163.75000    34.63050    0.83250    4.40360    0.02960    
164.25000    34.19910    2.23730    4.43570    0.02250    
164.75000    34.15000    2.59250    4.48770    0.02410    
165.25000    34.29670    1.14560    4.53170    0.02160    
165.75000    34.18570    1.07160    4.56890    0.02490    
166.25000    33.75310    2.33320    4.64680    0.02600    
166.75000    33.67040    2.09630    4.69740    0.02730    
167.25000    33.85770    1.00820    4.73720    0.02180    
167.75000    33.67600    1.57560    4.85610    0.02500    
168.25000    33.89760    0.80440    4.86220    0.03360    
168.75000    33.68440    1.98290    4.96020    0.02600    
169.25000    33.86700    1.78740    5.10060    0.03130    
169.75000    33.62560    1.52520    5.11660    0.04640    
170.25000    33.45630    1.56750    5.24840    0.02680    
170.75000    33.46960    1.11690    5.36770    0.03370    
171.25000    33.45540    1.62330    5.48130    0.02980    
171.75000    33.40860    1.71950    5.56520    0.02850    
172.25000    33.49620    0.98390    5.64540    0.03520    
172.75000    33.73990    0.40020    5.78320    0.03060    
173.25000    33.60720    1.02670    5.89300    0.03500    
173.75000    33.34870    1.45720    5.99920    0.02640    
174.25000    33.29860    2.59170    6.14020    0.02830    
174.75000    33.58060    0.47900    6.20590    0.02950    
175.25000    33.47400    2.30560    6.30720    0.02690    
175.75000    33.62420    1.31100    6.44320    0.03620    
176.25000    33.77440    0.98470    6.52990    0.03260    
176.75000    33.71400    1.43750    6.62310    0.03570    
177.25000    33.68280    2.06600    6.72470    0.03640    
177.75000    34.01650    0.91000    6.82590    0.03170    
178.25000    34.10130    0.90010    6.95630    0.03130    
178.75000    34.16970    0.81610    6.96780    0.03010    
179.25000    34.10710    0.80170    7.04180    0.04740    
179.75000    33.85400    2.80000    7.11740    0.03870    
180.25000    34.62450    0.63410    7.15190    0.03120    
180.75000    34.42250    1.69000    7.21820    0.04710    
181.25000    34.60590    0.93330    7.29590    0.05930    
181.75000    34.73160    1.80640    7.31330    0.05380    
182.25000    34.90080    1.34610    7.32900    0.05390    
182.75000    34.96370    2.18690    7.31220    0.04930    
183.25000    35.08130    2.00160    7.37830    0.06540    
183.75000    35.03600    2.53860    7.35780    0.06030    
184.25000    35.49100    1.51320    7.30550    0.04300    
184.75000    35.30080    1.49500    7.34630    0.06970    
185.25000    35.47870    1.45520    7.29480    0.05760    
185.75000    35.41790    2.12510    7.24010    0.04940    
186.25000    35.82030    0.99310    7.21180    0.05770    
186.75000    35.95050    0.61180    7.17520    0.05810    
187.25000    35.86790    2.31880    7.14120    0.07930    
187.75000    35.83360    3.69820    7.06310    0.06250    
188.25000    35.78210    2.79150    6.95950    0.04570    
188.75000    36.07870    2.01330    6.97800    0.06710    
189.25000    36.06340    3.11990    6.95800    0.03870    
189.75000    36.29970    2.07230    6.85400    0.08220    
190.25000    36.32400    2.97560    6.75410    0.04660    
190.75000    36.56040    1.11890    6.70480    0.07060    
191.25000    36.28710    2.66590    6.64030    0.06240    
191.75000    36.54180    2.18240    6.56010    0.06740    
192.25000    36.72400    0.73340    6.48010    0.05050    
192.75000    36.73730    1.72650    6.35970    0.04380    
193.25000    36.66210    2.04160    6.32750    0.05710    
193.75000    36.81910    0.82560    6.19930    0.03900    
194.25000    36.41560    3.74630    6.14540    0.05070    
194.75000    36.54870    2.86740    6.05220    0.04810    
195.25000    36.48420    4.04740    5.89140    0.05320    
195.75000    36.38550    3.89110    5.85770    0.04710    
196.25000    36.97810    0.62160    5.79500    0.05430    
196.75000    37.01370    0.32780    5.73620    0.05740    
197.25000    36.80600    1.21480    5.66340    0.04780    
197.75000    36.84050    1.16760    5.58560    0.05610    
198.25000    36.34720    2.98930    5.44790    0.03270    
198.75000    36.77610    1.39680    5.40160    0.04700    
199.25000    36.66310    2.49530    5.32460    0.03450    
199.75000    36.46890    3.39380    5.25590    0.03460    
200.25000    36.19160    4.03870    5.18390    0.02990    
200.75000    36.56240    1.32390    5.08330    0.05040    
201.25000    36.21480    3.27150    5.08340    0.04370    
201.75000    36.09230    2.99560    5.01240    0.03590    
202.25000    36.15590    3.50680    4.86720    0.02710    
202.75000    36.40630    1.66900    4.85750    0.04100    
203.25000    35.93270    3.01310    4.79680    0.02330    
203.75000    36.28510    1.74150    4.74490    0.03080    
204.25000    36.17710    2.16120    4.72900    0.02330    
204.75000    35.86780    3.21670    4.61670    0.03620    
205.25000    36.01760    1.42720    4.59540    0.03330    
205.75000    35.86980    1.96070    4.55120    0.04860    
206.25000    35.80920    1.74480    4.54730    0.03630    
206.75000    35.75030    1.81860    4.46740    0.02870    
207.25000    35.62400    2.26790    4.41790    0.03060    
207.75000    35.80630    1.43590    4.41750    0.02260    
208.25000    35.59690    1.31380    4.37200    0.02570    
208.75000    35.70360    0.58850    4.33990    0.03450    
209.25000    35.25980    2.37860    4.32420    0.02210    
209.75000    35.49080    1.89790    4.29010    0.02210    
210.25000    35.39280    1.07060    4.30720    0.04430    
210.75000    35.28310    2.49790    4.23890    0.02440    
211.25000    35.11640    2.27960    4.24390    0.02090    
211.75000    35.20790    1.30310    4.23290    0.02590    
212.25000    35.14610    1.45040    4.25100    0.02170    
212.75000    35.18270    1.15980    4.22520    0.02030    
213.25000    34.96470    1.02700    4.26380    0.02550    
213.75000    34.91830    2.26350    4.28800    0.02450    
214.25000    34.85510    0.80650    4.27730    0.01850    
214.75000    34.87770    0.65800    4.29310    0.01650    
215.25000    34.48210    2.31690    4.33940    0.02720    
215.75000    34.57870    1.59060    4.35800    0.02010    
216.25000    34.51890    1.50780    4.39870    0.02130    
216.75000    34.29430    1.07660    4.46220    0.03190    
217.25000    34.57220    0.33290    4.47330    0.02070    
217.75000    33.91970    3.29750    4.51440    0.02520    
218.25000    34.21210    0.85840    4.57720    0.02670    
218.75000    34.14440    1.37150    4.62900    0.02360    
219.25000    34.12210    1.14400    4.69260    0.02640    
219.75000    33.85850    1.26210    4.77360    0.02170    
220.25000    33.96530    1.10230    4.82940    0.02070    
220.75000    33.75290    1.48380    4.92020    0.02250    
221.25000    33.73550    1.93410    5.01470    0.01710    
221.75000    33.86060    0.80130    5.11760    0.02850    
222.25000    33.61580    1.79680    5.27330    0.02120    
222.75000    33.73990    1.02300    5.29520    0.02950    
223.25000    33.69790    0.80170    5.38970    0.03720    
223.75000    33.71440    0.97300    5.49230    0.03090    
224.25000    33.58140    1.17640    5.63800    0.02220    
224.75000    33.51170    1.16220    5.75200    0.03540    
225.25000    33.51920    1.27060    5.83970    0.02370    
225.75000    33.54340    1.87450    5.92670    0.02830    
226.25000    33.81670    0.82040    6.05540    0.02050    
226.75000    33.76740    0.89980    6.15420    0.02730    
227.25000    33.66460    1.68050    6.27340    0.02280    
227.75000    33.80570    1.49290    6.33190    0.02420    
228.25000    33.67530    2.00170    6.44190    0.03370    
228.75000    34.07620    0.63710    6.52630    0.02500    
229.25000    34.08580    0.87250    6.60940    0.04020    
229.75000    33.97660    1.48930    6.69760    0.04180    
230.25000    34.26830    0.55470    6.74340    0.03700    
230.75000    34.18410    2.02800    6.81070    0.03620    
231.25000    34.32070    1.80850    6.87740    0.04070    
231.75000    34.50910    2.75740    6.97620    0.03520    
232.25000    34.64370    0.72730    6.96010    0.03490    
232.75000    34.80670    1.11940    6.98780    0.03250    
233.25000    34.57330    2.43750    7.04850    0.03840    
233.75000    35.05080    1.12260    7.04570    0.04690    
234.25000    35.07050    1.23560    7.06640    0.04400    
234.75000    35.20830    1.00310    7.10770    0.03260    
235.25000    35.26250    1.57120    7.09530    0.04340    
235.75000    35.09000    1.47360    7.06400    0.05040    
236.25000    35.16810    3.43040    7.08700    0.04390    
236.75000    35.44170    2.63260    7.02860    0.03750    
237.25000    35.54380    1.64920    7.03550    0.07350    
237.75000    35.70140    2.12710    6.99090    0.04620    
238.25000    35.64410    1.76250    6.96990    0.05820    
238.75000    35.77770    1.97050    6.93490    0.04390    
239.25000    35.69920    3.52430    6.86480    0.07240    
239.75000    35.71980    3.49550    6.82990    0.05780    
240.25000    35.86520    3.68900    6.75090    0.04990    
240.75000    36.28440    0.99220    6.71200    0.05080    
241.25000    35.90680    4.25520    6.64770    0.05880    
241.75000    36.21720    4.37580    6.64750    0.05080    
242.25000    35.99130    3.40240    6.48310    0.04600    
242.75000    36.11040    3.35570    6.44210    0.06180    
243.25000    36.25780    2.98610    6.32760    0.04490    
243.75000    36.72950    1.19920    6.24890    0.05010    
244.25000    36.42650    2.30170    6.20960    0.06690    
244.75000    36.31080    3.16470    6.14070    0.06450    
245.25000    36.18810    3.23950    6.07630    0.06470    
245.75000    36.29750    2.21470    5.95270    0.06130    
246.25000    36.18650    3.97510    5.88490    0.06550    
246.75000    36.50670    1.76050    5.76310    0.03090    
247.25000    36.52920    0.68350    5.75900    0.06760    
247.75000    36.59510    1.61090    5.70900    0.05680    
248.25000    36.42590    2.49930    5.60120    0.05510    
248.75000    36.48370    1.28710    5.49440    0.05210    
249.25000    36.45830    3.10850    5.41210    0.03430    
249.75000    36.61740    1.22820    5.33610    0.04010    
250.25000    36.50570    0.43410    5.31690    0.05310    
250.75000    36.12210    3.60130    5.22650    0.04120    
251.25000    36.27820    1.74470    5.14630    0.03950    
251.75000    36.22980    1.88390    5.07880    0.05250    
252.25000    36.36340    1.27340    4.98820    0.03110    
252.75000    36.11090    3.17710    4.96790    0.03740    
253.25000    36.29710    1.18560    4.93150    0.03950    
253.75000    35.95890    3.10160    4.88830    0.03670    
254.25000    36.08970    1.34970    4.82330    0.02580    
254.75000    35.87300    2.43720    4.76820    0.04470    
255.25000    35.68040    4.94610    4.73410    0.03340    
255.75000    35.77920    2.60200    4.64820    0.02770    
256.25000    35.65790    4.72380    4.60060    0.02980    
256.75000    36.07900    0.61470    4.54640    0.03050    
257.25000    35.45360    3.20190    4.55810    0.02270    
257.75000    35.46100    2.32430    4.48810    0.02290    
258.25000    35.59090    1.23450    4.42910    0.02740    
258.75000    35.57160    1.89660    4.40990    0.02420    
259.25000    35.30000    2.22790    4.37430    0.03120    
259.75000    35.48690    0.97290    4.37700    0.02120    
260.25000    35.43180    1.24260    4.33840    0.02730    
260.75000    35.18150    2.15500    4.31300    0.03010    
261.25000    35.38250    1.67630    4.33490    0.02010    
261.75000    35.01250    1.89810    4.28360    0.02720    
262.25000    34.88650    3.30800    4.31180    0.03280    
262.75000    35.22250    1.15870    4.28430    0.02050    
263.25000    35.12490    1.02780    4.27360    0.01940    
263.75000    34.89460    1.27130    4.31030    0.03640    
264.25000    34.93680    0.67140    4.29500    0.03250    
264.75000    34.71080    1.71520    4.30880    0.02630    
265.25000    34.87390    0.69270    4.34940    0.02730    
265.75000    34.53020    1.26590    4.33650    0.02460    
266.25000    34.32570    1.14990    4.37880    0.02540    
266.75000    34.34760    1.28790    4.42380    0.01670    
267.25000    34.04320    2.04370    4.43480    0.02040    
267.75000    34.28160    0.80120    4.46180    0.02390    
268.25000    33.90020    2.39960    4.55100    0.02090    
268.75000    34.10130    1.48040    4.59980    0.03250    
269.25000    33.70970    2.62040    4.62790    0.02450    
269.75000    34.15460    0.53340    4.70850    0.02540    
270.25000    33.66320    1.30830    4.75940    0.05200    
270.75000    33.75060    1.60980    4.83340    0.03270    
271.25000    33.91670    0.73780    4.86680    0.01880    
271.75000    33.62890    1.70320    4.98320    0.02350    
272.25000    33.37460    2.42130    5.06040    0.01740    
272.75000    33.59840    1.97710    5.13520    0.02630    
273.25000    33.34850    2.29310    5.28200    0.02830    
273.75000    33.53900    1.69800    5.30490    0.03410    
274.25000    33.64800    1.04710    5.43920    0.02490    
274.75000    33.70690    0.43630    5.54250    0.03490    
275.25000    33.55670    0.84970    5.64360    0.02750    
275.75000    33.32130    1.30570    5.73680    0.02910    
276.25000    33.36250    1.00140    5.82580    0.02510    
276.75000    33.37110    1.46970    5.97710    0.02910    
277.25000    33.50340    0.90720    6.07710    0.03310    
277.75000    33.64890    1.10440    6.19860    0.04790    
278.25000    33.57540    1.22610    6.30660    0.03110    
278.75000    33.71930    0.60810    6.41630    0.03140    
279.25000    33.42660    3.28210    6.47860    0.03710    
279.75000    33.70040    0.81020    6.61760    0.03350    
280.25000    33.35570    3.87320    6.69020    0.03350    
280.75000    33.84810    1.06530    6.72380    0.03940    
281.25000    34.06600    0.78910    6.83870    0.02880    
281.75000    33.72160    1.82410    6.96280    0.03650    
282.25000    33.99610    1.52550    6.95740    0.04120    
282.75000    34.25150    0.86150    7.02510    0.04180    
283.25000    34.25630    2.31410    7.08930    0.03540    
283.75000    34.23120    2.43730    7.11710    0.04530    
284.25000    34.61810    1.65390    7.16660    0.04490    
284.75000    34.61970    2.66600    7.12670    0.05270    
285.25000    34.65730    2.31550    7.22760    0.04340    
285.75000    34.67200    2.69510    7.20140    0.07870    
286.25000    35.13570    1.00410    7.17090    0.04670    
286.75000    35.25310    0.53590    7.27970    0.06080    
287.25000    35.29220    0.92770    7.25970    0.04840    
287.75000    35.30900    0.81630    7.19120    0.05450    
288.25000    35.24050    2.62440    7.20730    0.06040    
288.75000    35.26820    2.41460    7.16520    0.03950    
289.25000    35.67030    1.23450    7.14490    0.05450    
289.75000    35.77150    1.65730    7.04740    0.04770    
290.25000    35.39600    1.66940    7.00380    0.06130    
290.75000    36.06500    1.03100    6.97590    0.06820    
291.25000    35.98200    1.73120    6.93190    0.03810    
291.75000    35.80300    2.52990    6.88940    0.05690    
292.25000    36.13240    2.47540    6.80820    0.05300    
292.75000    35.90840    3.22810    6.77080    0.05160    
293.25000    36.00060    3.04070    6.67990    0.05840    
293.75000    35.85440    4.42810    6.65140    0.05660    
294.25000    36.29000    1.00230    6.54860    0.04370    
294.75000    36.09770    4.23060    6.52790    0.07260    
295.25000    35.97590    3.56610    6.40020    0.05760    
295.75000    36.53650    1.07320    6.30110    0.06220    
296.25000    36.47380    0.98700    6.21390    0.04360    
296.75000    36.50870    1.11440    6.16760    0.04900    
297.25000    36.36680    1.94480    6.04810    0.04050    
297.75000    36.68610    1.01740    5.95740    0.03230    
298.25000    36.94970    0.44400    5.96550    0.05580    
298.75000    36.42240    1.34630    5.82500    0.04080    
299.25000    36.63250    0.79820    5.77140    0.03660    
299.75000    36.33590    3.10410    5.64650    0.06070    
300.25000    36.26340    3.87540    5.56910    0.05000    
300.75000    36.28350    3.22040    5.51920    0.05540    
301.25000    36.33880    2.35880    5.47280    0.05010    
301.75000    36.46680    1.82630    5.40560    0.03920    
302.25000    36.52670    1.18490    5.30350    0.06040    
302.75000    36.36310    1.89580    5.24260    0.03720    
303.25000    36.53110    0.49000    5.13400    0.03900    
303.75000    36.00140    4.47720    5.05150    0.04880    
304.25000    36.43130    0.98120    5.01620    0.02870    
304.75000    35.89320    2.80720    5.01130    0.04150    
305.25000    35.96900    1.90840    4.85860    0.02650    
305.75000    36.02220    2.13250    4.82310    0.03950    
306.25000    35.77480    3.00010    4.81870    0.04290    
306.75000    35.69630    3.13670    4.71720    0.04050    
307.25000    35.93440    3.51490    4.68410    0.02650    
307.75000    35.82700    2.07650    4.63150    0.02250    
308.25000    35.97050    0.76780    4.60020    0.03670    
308.75000    35.64840    2.01380    4.58570    0.03050    
309.25000    35.42830    2.72240    4.50410    0.02200    
309.75000    35.49000    2.30140    4.44910    0.02950    
310.25000    35.40000    2.08230    4.44080    0.03070    
310.75000    35.39490    2.24060    4.40880    0.03060    
311.25000    35.33320    2.30280    4.41770    0.03870    
311.75000    35.46100    1.84000    4.38350    0.03410    
312.25000    35.45070    1.58770    4.33970    0.02750    
312.75000    35.44310    0.60780    4.33720    0.03210    
313.25000    34.96940    2.49410    4.30890    0.03380    
313.75000    35.15350    1.61480    4.24650    0.02250    
314.25000    35.01550    1.05210    4.34060    0.03250    
314.75000    35.00580    1.43080    4.27500    0.02430    
315.25000    34.87590    1.28000    4.27720    0.01810    
315.75000    34.97670    0.71490    4.26430    0.02530    
316.25000    34.79390    1.64940    4.32580    0.02200    
316.75000    34.39760    3.42170    4.31480    0.02270    
317.25000    34.77890    0.59570    4.35170    0.02500    
317.75000    34.26140    2.76480    4.34790    0.01820    
318.25000    34.55040    1.05190    4.40680    0.01760    
318.75000    34.52270    0.55410    4.44640    0.02590    
319.25000    34.05260    1.99160    4.47630    0.01710    
319.75000    33.91190    2.07060    4.52890    0.02330    
320.25000    34.08310    1.11460    4.57060    0.02430    
320.75000    34.07090    1.10890    4.64250    0.02360    
321.25000    33.68200    1.51180    4.65230    0.02590    
321.75000    33.75170    1.06070    4.69810    0.01610    
322.25000    33.89610    1.20900    4.81270    0.02100    
322.75000    34.02110    0.66730    4.87860    0.03030    
323.25000    33.88810    0.94820    4.94820    0.02190    
323.75000    33.54200    1.14710    5.01980    0.02020    
324.25000    33.61120    1.54810    5.11400    0.02210    
324.75000    33.69190    0.54480    5.22240    0.02610    
325.25000    33.59320    1.21590    5.29720    0.02170    
325.75000    33.47700    1.21680    5.40180    0.02790    
326.25000    33.51960    1.00410    5.50720    0.03230    
326.75000    33.49160    0.65190    5.59040    0.03710    
327.25000    33.35620    1.49970    5.66730    0.02850    
327.75000    33.35050    1.08490    5.79780    0.02570    
328.25000    33.62530    0.91170    5.91710    0.03400    
328.75000    33.50970    0.81930    6.04100    0.02660    
329.25000    33.58270    0.62790    6.12520    0.03440    
329.75000    33.56040    1.31810    6.25120    0.02380    
330.25000    33.74280    0.57300    6.34460    0.02790    
330.75000    33.64460    1.41710    6.42240    0.03250    
331.25000    33.71360    1.48100    6.56450    0.04080    
331.75000    33.97790    0.75260    6.60750    0.03670    
332.25000    33.89820    1.88840    6.76100    0.04040    
332.75000    34.10750    1.08200    6.75640    0.03420    
333.25000    33.96850    2.03640    6.81240    0.02810    
333.75000    34.04300    2.13000    6.91420    0.04080    
334.25000    34.40160    1.07650    7.00890    0.04070    
334.75000    34.37280    0.81560    7.01640    0.04170    
335.25000    34.51140    1.69730    7.06570    0.04590    
335.75000    34.55390    0.97310    7.07370    0.03840    
336.25000    34.88040    0.94370    7.14060    0.05000    
336.75000    34.88030    1.66280    7.19230    0.04300    
337.25000    34.72710    3.45700    7.18420    0.03520    
337.75000    35.11960    0.93640    7.15920    0.04780    
338.25000    35.16220    1.13330    7.13640    0.03840    
338.75000    35.37930    0.61280    7.09690    0.03860    
339.25000    35.13330    2.29980    7.10750    0.03380    
339.75000    35.26500    1.57380    7.07030    0.09160    
340.25000    35.50590    2.12980    7.04310    0.04390    
340.75000    35.55480    1.55280    7.03290    0.06310    
341.25000    35.47670    2.14710    7.03190    0.04580    
341.75000    35.91110    1.62700    6.94060    0.06810    
342.25000    36.16900    0.83360    6.91440    0.05590    
342.75000    36.19900    1.21860    6.83640    0.07000    
343.25000    35.65890    3.46030    6.76990    0.08100    
343.75000    35.96290    2.62310    6.78160    0.10270    
344.25000    36.22020    0.91580    6.73590    0.04410    
344.75000    35.77880    2.54880    6.54260    0.05230    
345.25000    36.27950    2.65400    6.54970    0.03670    
345.75000    36.43520    1.02120    6.47480    0.05770    
346.25000    36.09240    2.47090    6.35840    0.06740    
346.75000    36.08580    2.71650    6.34770    0.04590    
347.25000    36.13340    2.75000    6.22090    0.05490    
347.75000    36.39290    2.52660    6.16350    0.05280    
348.25000    36.41090    1.38900    6.07680    0.03170    
348.75000    36.45080    1.64690    6.00010    0.06500    
349.25000    36.26080    2.73310    5.94140    0.04750    
349.75000    36.47590    1.54830    5.84540    0.04690    
350.25000    36.57500    0.72230    5.79470    0.04840    
350.75000    36.16500    3.39110    5.63070    0.03460    
351.25000    36.01390    6.18790    5.63390    0.04300    
351.75000    36.48270    1.62580    5.58390    0.04170    
352.25000    36.36400    2.03180    5.44360    0.03770    
352.75000    36.42960    1.11730    5.42630    0.05760    
353.25000    36.37650    2.90670    5.35280    0.04010    
353.75000    36.21050    2.49240    5.21840    0.04300    
354.25000    36.25550    1.91330    5.16630    0.03330    
354.75000    35.74020    6.03580    5.13230    0.04010    
355.25000    35.88660    4.11560    5.05270    0.03550    
355.75000    36.15750    2.13770    5.01330    0.03460    
356.25000    36.10270    1.13420    4.90200    0.04740    
356.75000    35.88540    2.57070    4.83850    0.03190    
357.25000    35.95980    2.82530    4.82660    0.03440    
357.75000    36.05460    1.12590    4.77160    0.03730    
358.25000    36.09120    0.76590    4.66920    0.02720    
358.75000    36.19670    1.07530    4.65820    0.02690    
359.25000    35.55510    2.99980    4.64370    0.03800    
359.75000    35.60700    3.35600    4.55560    0.03000    
