TITLE:  An Experimental Investigation of the Flow through an Axial-Flow Pump
AUTHORS:  Zierke, Straka, and Taylor
JOURNAL PAPER FIGURE(S):  NA
PSU/ARL TR 93-12 FIGURE(S):  42g  
*****************************************************************************
DATA TITLE:   2-Component LDV Measurements of Unsteady Potential Flow Effect  
              at 76.2% Span, at the Rotor Blade Leading Edge
MEASUREMENT TYPE:  2-component Laser Doppler Velocimetry
MEASUREMENT LOCATION:  76.2% span, at the rotor blade leading edge
NOMINAL CONDITIONS:  
  vinf = 35.0 ft/sec
  pref = 43.2 psia
  rho  = 1.932 slugs/ft^3
  rotor rpm  = 260
  rotor tip speed, Utip = 47.6 ft/sec
  volumetric flow coefficient = 1.36
  rotor chord = variable with span 
                (10.49 in. @ tip, 11.22 in. @ hub, 10.72 in. @ 76.2% span)
  rotor span  = 10.50 inches
DATA COLUMNS:
  1 -- Location of measurement volume in degrees 
  2 -- mean axial velocity component in measurement volume, Vz, [ft/sec]
  3 -- sample variance of axial velocity component, [ft/sec]^2
  4 -- mean axial tangential component in measurement volume, Vt, [ft/sec]
  5 -- sample variance of tangential velocity component, [ft/sec]^2
*****************************************************************************
0.25000    36.28490    3.93540    3.49060    3.79120    
0.75000    35.55560    4.80650    3.76130    4.06140    
1.25000    35.65210    11.11660    3.42900    3.57620    
1.75000    36.04030    4.10800    3.32220    3.71910    
2.25000    36.29620    6.44420    2.97320    2.98780    
2.75000    34.07450    4.36700    3.01250    2.87610    
3.25000    36.02170    2.90950    2.72130    3.14300    
3.75000    36.51320    2.77040    2.95950    2.79670    
4.25000    36.17730    2.17790    3.08990    3.26940    
4.75000    35.85250    3.23170    3.24910    3.47360    
5.25000    35.56480    2.99110    2.60480    2.44100    
5.75000    35.99400    2.28760    2.58630    2.50110    
6.25000    35.35830    5.92460    2.65080    1.86770    
6.75000    35.38570    2.83970    2.27570    1.27440    
7.25000    35.20180    2.79370    2.28930    2.26650    
7.75000    34.12660    2.99540    2.49030    2.32040    
8.25000    35.18160    1.15330    2.31530    2.16410    
8.75000    34.52540    2.87840    2.19810    1.97280    
9.25000    34.08720    3.26720    2.13720    1.18910    
9.75000    34.66590    0.98770    2.23550    2.33080    
10.25000    35.03220    1.79560    1.95000    1.53390    
10.75000    34.16990    4.19860    2.31080    2.89120    
11.25000    34.47070    2.03360    2.01470    2.09930    
11.75000    34.65260    1.31760    1.77630    1.54100    
12.25000    33.92490    1.66310    1.99620    1.32810    
12.75000    33.87300    3.91520    1.83770    1.03140    
13.25000    33.44940    4.50560    1.96140    1.96290    
13.75000    32.74510    2.63620    1.71680    1.44060    
14.25000    33.37520    1.73500    1.74860    1.78150    
14.75000    33.24970    2.01200    1.66090    1.48080    
15.25000    32.75640    2.50640    1.45920    1.41880    
15.75000    32.32690    1.95450    1.21090    0.99930    
16.25000    32.18080    1.61880    1.24480    1.43770    
16.75000    32.06550    1.28530    1.04500    0.83040    
17.25000    30.91130    1.15600    0.80350    0.64400    
17.75000    31.11270    0.98670    0.56080    1.46160    
18.25000    30.17960    1.10430    0.26360    0.96070    
18.75000    29.32580    1.38570    -0.20330    1.39330    
19.25000    28.31820    1.31770    -0.71510    1.35310    
19.75000    25.40640    3.37010    -1.63460    0.98960    
20.25000    20.39270    7.30440    -2.80550    1.30520    
20.75000    27.98530    16.25060    -3.48100    2.46580    
21.25000    26.70950    15.74300    8.82370    31.39380    
21.75000    14.89270    4.74570    13.91890    2.35840    
22.25000    19.24990    2.99450    13.86990    2.34280    
22.75000    22.31490    2.81720    14.30300    1.98960    
23.25000    23.84620    2.96410    14.31720    1.98220    
23.75000    26.14350    4.34240    14.15000    2.49790    
24.25000    27.72010    4.98280    13.99120    3.10640    
24.75000    28.83430    4.05670    13.71640    2.14380    
25.25000    29.38610    3.43900    13.66900    3.18820    
25.75000    30.09800    1.98750    13.57610    3.11400    
26.25000    31.31220    3.09730    13.37810    3.10450    
26.75000    31.35150    5.14030    13.31660    2.92910    
27.25000    32.26330    4.99640    12.90740    3.27690    
27.75000    32.96740    3.07310    12.71450    2.82680    
28.25000    33.16990    2.39880    12.18840    3.91730    
28.75000    33.49750    3.23390    12.07520    3.51340    
29.25000    33.57390    10.92890    11.89790    4.45810    
29.75000    33.50000    4.47350    11.50620    3.49910    
30.25000    33.58380    5.97630    11.38370    3.44290    
30.75000    34.77800    4.77280    10.83470    2.68740    
31.25000    34.66620    6.84840    10.63230    3.92590    
31.75000    34.51760    8.37110    10.33550    3.21630    
32.25000    35.87580    4.71550    10.39240    3.79290    
32.75000    34.86650    10.33030    9.71240    4.41110    
33.25000    36.16100    4.56280    10.06460    4.49090    
33.75000    35.97270    4.56550    9.76950    4.55600    
34.25000    36.25210    11.19850    9.47510    4.84770    
34.75000    36.71140    3.55430    9.11820    4.18170    
35.25000    37.08910    4.35520    9.04190    4.78490    
35.75000    36.37370    6.15510    8.45990    4.96590    
36.25000    35.92100    10.73360    8.02920    4.30560    
36.75000    36.91850    5.81630    7.78750    4.34570    
37.25000    37.00090    8.44100    7.62360    4.33080    
37.75000    37.19190    3.60270    7.89970    4.25250    
38.25000    36.56940    4.49450    7.42750    4.87520    
38.75000    36.27470    7.84160    6.92670    4.92420    
39.25000    36.96930    4.52830    6.86490    5.39800    
39.75000    36.35710    8.42480    7.14670    5.32920    
40.25000    37.23300    6.06280    6.49980    6.01040    
40.75000    37.63110    4.33490    6.52240    4.96350    
41.25000    36.61320    5.05740    6.20690    4.59660    
41.75000    37.66940    4.73020    5.91340    3.96290    
42.25000    37.33970    4.26700    5.70930    4.32800    
42.75000    37.09740    2.92990    5.86060    4.43920    
43.25000    36.89120    4.62360    5.94510    5.61780    
43.75000    37.59790    3.62930    5.78450    4.84200    
44.25000    36.92130    9.48350    5.49380    5.06000    
44.75000    36.83870    7.86200    5.35150    5.07670    
45.25000    37.16220    5.29750    4.84570    4.76560    
45.75000    36.49870    6.94320    5.14500    4.44950    
46.25000    36.84270    5.85670    4.59940    3.34350    
46.75000    37.04480    3.57300    4.59070    4.90110    
47.25000    37.31950    4.40560    4.32390    3.73940    
47.75000    36.41150    7.44280    4.54160    4.77620    
48.25000    35.73210    8.47180    4.64610    5.11300    
48.75000    35.92280    8.78800    3.82290    3.95920    
49.25000    36.37960    7.90390    3.68400    3.68800    
49.75000    36.67100    5.18510    3.69200    3.35330    
50.25000    36.49530    9.09940    3.88890    4.47240    
50.75000    36.49370    2.85800    3.67880    3.64350    
51.25000    35.89760    7.43520    3.36310    4.26260    
51.75000    36.28470    3.62510    3.20400    3.47040    
52.25000    36.29220    4.72930    3.19590    2.74620    
52.75000    36.57060    2.87930    3.54480    3.73370    
53.25000    36.16330    4.09600    3.23980    4.07770    
53.75000    35.73070    4.73140    3.02700    3.16900    
54.25000    36.16620    3.01000    2.58860    2.76140    
54.75000    35.32640    2.76420    2.83060    2.42920    
55.25000    35.75770    3.12060    2.91670    2.71970    
55.75000    35.49220    3.37110    3.04280    3.04820    
56.25000    34.95040    5.08580    2.62590    2.56060    
56.75000    35.60100    3.20760    2.69410    3.27230    
57.25000    35.85900    3.46860    2.63770    1.99890    
57.75000    35.11820    2.02770    2.23070    1.80920    
58.25000    34.80220    3.66140    2.31610    2.38810    
58.75000    35.09110    1.83240    2.32800    1.57660    
59.25000    34.48240    4.91960    2.23320    2.42490    
59.75000    35.16440    2.37020    2.39360    1.88910    
60.25000    35.32690    0.56320    1.95580    1.61710    
60.75000    34.52380    3.16230    2.03980    1.53220    
61.25000    34.18670    3.47350    2.13360    2.10900    
61.75000    34.12410    2.36760    2.14330    1.87830    
62.25000    34.06300    2.07630    1.86600    1.78550    
62.75000    34.70350    1.53340    1.79180    0.98050    
63.25000    34.32770    1.95630    1.85460    0.94870    
63.75000    34.03610    1.65860    2.03730    1.98430    
64.25000    33.13120    4.16390    1.67290    0.95310    
64.75000    32.91450    4.59980    1.52130    0.83830    
65.25000    32.97100    5.02780    1.71890    2.01850    
65.75000    32.79370    5.43640    1.68380    1.62170    
66.25000    32.95420    1.59160    1.41520    0.84290    
66.75000    31.98290    3.02340    1.61030    1.88480    
67.25000    32.37090    1.36310    1.03210    0.92330    
67.75000    32.24830    1.72050    0.99620    1.01300    
68.25000    31.36280    2.47720    0.84030    0.48750    
68.75000    31.52150    0.83210    0.74680    1.87420    
69.25000    30.86900    1.87280    1.20370    2.16610    
69.75000    30.56030    0.89890    0.20890    1.30810    
70.25000    29.33900    2.22210    -0.07450    1.41660    
70.75000    28.04140    2.09420    -0.78970    0.92040    
71.25000    26.29400    1.65700    -1.68020    1.36840    
71.75000    26.23370    21.53830    -3.42530    2.11050    
72.25000    28.09400    13.02400    -3.96010    3.56300    
72.75000    28.79550    10.03060    5.21890    33.81160    
73.25000    15.50370    9.30470    14.63310    1.64290    
73.75000    19.84570    4.78620    14.04060    1.81040    
74.25000    22.32380    3.32700    14.57630    2.16960    
74.75000    24.23900    3.58070    14.42320    2.03600    
75.25000    26.45890    5.07810    13.95010    2.03750    
75.75000    27.52110    3.05250    14.30190    2.68730    
76.25000    28.65190    3.55770    13.99350    1.81130    
76.75000    29.20680    4.36060    14.10120    3.72730    
77.25000    29.68410    4.64030    14.03560    3.03080    
77.75000    30.83780    5.16780    13.23840    2.12130    
78.25000    31.78230    4.39810    12.95760    2.19860    
78.75000    32.19560    6.95540    13.08030    3.56560    
79.25000    32.36200    2.70700    12.60960    3.66480    
79.75000    32.97960    6.01550    12.05720    2.77840    
80.25000    33.69540    5.45590    11.53940    3.73660    
80.75000    33.84640    3.41500    11.99660    3.43500    
81.25000    34.15220    3.65160    11.12380    3.58780    
81.75000    34.05160    4.32160    11.36460    3.63420    
82.25000    35.67580    4.24260    10.79880    4.40650    
82.75000    34.76760    7.76520    10.39610    3.46770    
83.25000    34.86210    11.98480    10.26180    3.73120    
83.75000    36.03620    3.08950    10.17490    4.75320    
84.25000    36.22180    3.46010    9.72380    3.78040    
84.75000    36.05980    4.99260    9.86190    3.64500    
85.25000    36.12990    7.02860    9.37190    4.84250    
85.75000    35.81560    5.73750    9.42580    4.77160    
86.25000    36.19130    5.70080    8.66970    3.42800    
86.75000    36.55920    6.68150    8.91050    4.99220    
87.25000    36.64070    5.75710    8.40460    4.59810    
87.75000    36.23970    7.26160    7.99990    4.04000    
88.25000    37.09980    6.58080    7.78140    4.04460    
88.75000    36.68580    7.48410    7.60100    3.61080    
89.25000    36.16720    5.30530    7.46040    4.96030    
89.75000    35.94820    15.81210    7.24790    6.02230    
90.25000    36.86850    4.14840    7.18130    4.05620    
90.75000    37.04270    2.75500    6.84450    4.43720    
91.25000    36.18730    6.70130    7.06410    4.01120    
91.75000    36.42440    5.09620    6.54550    4.12870    
92.25000    36.42030    7.22090    6.26710    4.61190    
92.75000    37.04040    6.04970    6.27550    3.84170    
93.25000    36.97150    4.84410    5.82210    4.20690    
93.75000    36.98220    5.64160    5.53070    4.55560    
94.25000    36.76610    6.12660    5.18600    4.18190    
94.75000    36.36820    7.90740    6.05200    5.39440    
95.25000    36.85220    6.31090    5.69830    5.20330    
95.75000    36.61750    5.57100    4.92700    3.33430    
96.25000    35.53480    9.00950    5.19220    5.82440    
96.75000    37.66940    4.55590    5.13600    4.16580    
97.25000    35.97020    6.32400    5.13830    6.06160    
97.75000    35.75540    4.09480    4.58840    4.81100    
98.25000    36.60490    2.78920    4.38640    3.17990    
98.75000    35.44000    8.54460    4.62110    4.38290    
99.25000    35.64520    7.02910    4.32070    3.33420    
99.75000    36.21940    7.95930    4.13040    3.54560    
100.25000    36.40640    7.63670    4.11130    4.26000    
100.75000    35.64730    6.68960    4.17250    4.45590    
101.25000    36.11530    3.52320    3.63800    3.53370    
101.75000    35.27170    5.36160    3.59760    3.44610    
102.25000    36.00430    5.14840    3.78790    5.59580    
102.75000    36.46730    4.76740    3.46910    3.71280    
103.25000    36.12870    5.46540    3.14840    3.03160    
103.75000    36.02140    5.52960    3.54310    4.17660    
104.25000    36.14310    4.75640    3.60680    4.91180    
104.75000    35.80310    3.17630    3.06830    3.28740    
105.25000    35.33390    3.22500    3.07300    2.46010    
105.75000    35.71040    3.30700    3.19780    3.00790    
106.25000    34.61680    11.02970    2.86680    2.78320    
106.75000    35.63370    3.61800    2.97110    3.45310    
107.25000    35.21170    3.62710    2.67070    2.88570    
107.75000    35.26520    5.72770    2.48940    1.49250    
108.25000    35.60550    2.56670    2.34160    1.61340    
108.75000    34.57440    3.95770    2.55690    2.61780    
109.25000    34.96410    6.00010    2.54990    2.50470    
109.75000    34.46030    4.86770    2.56650    2.27460    
110.25000    34.39350    3.43300    2.18850    2.10210    
110.75000    34.49020    5.09250    2.56560    2.43550    
111.25000    35.08400    2.36690    2.19980    1.07400    
111.75000    34.30720    4.56060    2.20440    2.11880    
112.25000    34.59400    1.41910    2.13010    1.90880    
112.75000    33.99850    3.30140    2.23670    2.30930    
113.25000    33.85570    2.02600    2.25610    1.45440    
113.75000    33.93610    1.19580    2.03670    1.75780    
114.25000    33.73320    2.65260    1.84550    1.37230    
114.75000    33.63300    2.68570    1.97010    2.19840    
115.25000    33.56930    3.12840    2.20920    1.83960    
115.75000    33.18400    2.11220    2.05410    2.40080    
116.25000    33.30640    2.30550    1.64170    1.43200    
116.75000    32.47690    2.79000    1.51500    0.97850    
117.25000    32.86030    1.75580    1.39220    0.70380    
117.75000    31.95940    5.30360    1.88960    2.21510    
118.25000    32.26760    1.67270    1.33690    1.08940    
118.75000    31.85570    1.48690    1.45680    1.12600    
119.25000    31.21410    1.60350    1.36950    1.88720    
119.75000    31.33230    1.82210    1.17260    0.93180    
120.25000    30.11690    4.09160    1.05760    1.66710    
120.75000    30.06420    0.66400    0.91640    1.52490    
121.25000    29.44620    0.75230    0.65740    1.70800    
121.75000    28.11340    2.11360    -0.06740    1.61330    
122.25000    26.69440    0.98930    -0.24360    1.96090    
122.75000    23.85470    3.11800    -1.30770    2.43600    
123.25000    26.77200    23.14860    -2.23790    2.14600    
123.75000    30.57440    26.17980    0.34930    22.51650    
124.25000    27.79600    21.77200    13.83900    4.72380    
124.75000    14.30750    10.64730    15.61970    2.28570    
125.25000    20.31390    7.18590    16.24720    1.74320    
125.75000    23.55110    3.89340    15.78870    1.77560    
126.25000    25.23970    5.16150    15.61450    2.34480    
126.75000    26.54030    5.56180    14.97350    3.06390    
127.25000    28.15610    4.25230    14.89070    2.65790    
127.75000    28.90240    3.75150    14.75720    2.52420    
128.25000    29.52650    3.71650    14.51400    3.12390    
128.75000    29.90440    2.97120    14.38560    2.79890    
129.25000    31.26550    5.33460    13.63470    3.44710    
129.75000    31.63390    3.78830    13.38240    2.94060    
130.25000    32.75410    4.77120    13.42460    3.97880    
130.75000    33.35490    2.67640    12.97520    3.14190    
131.25000    32.82200    6.09640    12.59220    3.56650    
131.75000    33.35340    5.89710    12.57610    3.48900    
132.25000    34.13670    4.89140    11.97610    3.15980    
132.75000    34.31570    5.33070    11.75430    3.68110    
133.25000    35.23100    4.63510    11.34630    3.97870    
133.75000    35.20140    6.21580    11.20190    2.25440    
134.25000    34.48140    11.35330    10.99040    3.41430    
134.75000    36.12940    3.46170    10.54390    4.34610    
135.25000    36.32090    11.07870    9.97470    3.51620    
135.75000    36.30570    5.51310    9.92470    4.01950    
136.25000    35.91480    4.89460    9.94900    3.50960    
136.75000    36.41470    4.29090    9.52370    3.65220    
137.25000    36.90280    5.72380    8.81870    4.81830    
137.75000    36.04790    11.86880    9.11920    4.89410    
138.25000    35.90280    4.41130    8.90100    4.36030    
138.75000    37.08120    4.82960    8.84610    4.93940    
139.25000    37.36050    11.35350    8.52100    3.81920    
139.75000    36.25830    8.53580    8.79240    5.35700    
140.25000    36.35640    4.99310    8.08170    4.67260    
140.75000    37.25760    3.93660    7.73870    5.01370    
141.25000    37.79970    4.09680    7.83640    4.60550    
141.75000    37.42330    7.56170    7.63250    5.10810    
142.25000    37.69560    3.27640    6.95340    4.53820    
142.75000    36.92770    7.98640    7.09430    4.70180    
143.25000    36.79660    7.32160    6.54130    5.13160    
143.75000    37.61300    4.84620    6.58030    4.27750    
144.25000    37.25420    9.21730    6.38820    4.99610    
144.75000    37.81730    2.92930    6.02180    4.41560    
145.25000    37.43200    4.12110    5.82900    4.25250    
145.75000    37.40070    5.61410    5.57540    4.42630    
146.25000    36.71880    4.58960    5.94120    4.44990    
146.75000    36.62740    3.41860    5.40050    5.27120    
147.25000    37.08190    3.63200    5.56870    4.57320    
147.75000    37.22190    3.79600    5.10290    5.78720    
148.25000    36.35720    4.98090    5.15150    4.74390    
148.75000    36.49770    5.17530    4.68360    5.44260    
149.25000    36.23350    8.29150    4.76090    3.47260    
149.75000    36.25770    5.32420    4.80360    5.49970    
150.25000    36.08830    9.89220    4.21550    4.03380    
150.75000    36.70340    7.63730    4.18430    2.89770    
151.25000    36.37370    8.04760    4.34180    4.82030    
151.75000    36.13350    5.50140    4.01730    4.42910    
152.25000    37.02630    3.78700    4.27150    3.19610    
152.75000    35.97170    3.34630    4.43670    5.02520    
153.25000    36.34100    4.08770    4.18780    3.63350    
153.75000    35.58550    7.80590    3.52000    3.71080    
154.25000    36.59300    2.73020    3.63800    3.31190    
154.75000    36.13250    5.76650    3.48540    3.22690    
155.25000    36.27370    2.64520    3.52250    5.40650    
155.75000    35.75040    4.60220    3.02080    2.62620    
156.25000    35.63100    5.66880    3.56020    4.05300    
156.75000    36.16750    6.46250    3.38570    4.19460    
157.25000    35.70500    6.09330    2.84300    2.86480    
157.75000    35.33030    4.77590    3.02310    3.41160    
158.25000    35.01390    3.85530    3.20290    4.32520    
158.75000    34.75570    3.66920    2.70690    2.95660    
159.25000    35.03630    4.83400    3.26590    4.25280    
159.75000    34.85240    6.77300    2.37950    1.75070    
160.25000    35.57800    3.25910    2.84630    3.23290    
160.75000    35.60320    2.24610    2.48320    1.93540    
161.25000    35.42120    2.49670    2.47470    2.53300    
161.75000    35.38330    7.34760    2.59000    2.13450    
162.25000    35.18620    3.46860    2.30070    2.46120    
162.75000    33.47550    6.80110    2.30890    2.54430    
163.25000    34.26360    4.08820    2.42270    2.58690    
163.75000    35.04250    1.99830    2.36630    2.32490    
164.25000    35.02560    1.35700    2.32120    2.70560    
164.75000    34.01520    2.94510    2.11190    1.75430    
165.25000    34.03860    4.85050    1.96160    2.39640    
165.75000    33.44730    5.33940    1.94840    1.78120    
166.25000    33.59040    2.76720    1.93640    1.84470    
166.75000    34.10430    3.60150    1.96160    1.77050    
167.25000    33.54940    2.39220    1.78270    1.13760    
167.75000    33.37780    1.90190    1.70540    0.81490    
168.25000    32.95120    2.96270    1.43970    0.95930    
168.75000    32.72580    3.80550    1.55660    0.78110    
169.25000    32.96880    1.47490    1.50160    1.72420    
169.75000    32.61570    2.47310    1.50340    1.78250    
170.25000    32.14640    1.55370    1.80400    2.27760    
170.75000    32.02400    2.53850    1.29900    1.35690    
171.25000    31.60340    1.45540    1.07690    1.18570    
171.75000    30.98860    0.75390    0.93830    1.21770    
172.25000    30.47850    0.93780    0.43760    0.56620    
172.75000    29.62670    1.46830    0.29340    1.10800    
173.25000    28.74050    2.87150    -0.24850    1.21120    
173.75000    27.37180    1.91280    -0.73310    1.43110    
174.25000    23.89870    2.31620    -1.56260    1.19010    
174.75000    25.42030    17.93860    -2.43610    2.15440    
175.25000    26.46820    18.21590    -0.06570    8.63830    
175.75000    15.49120    55.87710    11.14070    7.39660    
176.25000    15.12860    12.08450    14.59580    1.91960    
176.75000    20.33110    4.56390    15.23380    1.24040    
177.25000    24.48020    3.14330    15.13680    2.89660    
177.75000    24.80430    5.53200    14.75390    2.08590    
178.25000    26.84970    4.90820    14.86510    3.09980    
178.75000    28.53860    5.10910    14.76120    2.79930    
179.25000    28.74670    5.15950    14.27620    3.19720    
179.75000    29.98690    3.63230    14.20490    3.74340    
180.25000    30.35850    3.77400    13.79260    3.07540    
180.75000    31.81830    3.67570    13.66220    2.94360    
181.25000    32.15260    3.85670    13.04110    3.77840    
181.75000    32.50470    4.12370    13.17030    2.53950    
182.25000    32.87260    4.57790    12.60550    3.35320    
182.75000    33.25700    4.16980    12.36620    3.12250    
183.25000    33.55750    5.98940    11.99310    3.92820    
183.75000    34.00560    5.25050    11.83500    3.30230    
184.25000    34.34690    4.21110    11.46980    3.09730    
184.75000    34.80750    6.10430    11.34890    3.18210    
185.25000    35.68820    2.95160    11.11360    4.21520    
185.75000    35.94620    5.38270    10.55310    2.59910    
186.25000    35.44720    3.11300    10.76270    3.52130    
186.75000    35.94610    6.25480    10.63900    3.39010    
187.25000    36.27820    5.05610    10.03110    3.59780    
187.75000    36.10830    3.39460    10.17950    3.92250    
188.25000    35.80860    5.89130    9.41320    4.84170    
188.75000    37.01210    4.10680    9.24440    4.36640    
189.25000    37.10230    8.10240    9.19910    3.68530    
189.75000    37.23750    4.39040    9.10930    4.64900    
190.25000    37.29290    4.27720    8.60210    4.19270    
190.75000    36.75950    3.02570    8.56790    4.58960    
191.25000    37.07450    3.47350    7.48400    4.88740    
191.75000    36.71760    2.98640    7.81790    4.37210    
192.25000    37.07380    5.12580    7.96400    4.52080    
192.75000    36.87430    10.01660    7.47670    4.09520    
193.25000    37.74830    5.40900    7.22420    5.17090    
193.75000    37.65660    3.79150    6.70840    5.47490    
194.25000    38.20880    2.66830    7.37310    5.57160    
194.75000    37.73990    3.68090    7.22650    5.08660    
195.25000    37.16420    3.59880    6.68840    3.73570    
195.75000    37.30520    8.31060    6.17150    5.20860    
196.25000    37.04440    4.48260    6.45360    5.42210    
196.75000    36.36450    6.50330    5.87120    4.86260    
197.25000    36.98120    8.04130    5.65470    3.66450    
197.75000    37.39410    2.29350    5.71900    5.14030    
198.25000    36.90690    1.34330    5.80810    4.66110    
198.75000    36.77410    5.16080    5.53320    4.55930    
199.25000    36.24390    7.40200    5.11580    4.49140    
199.75000    37.46200    3.01860    5.23490    4.20920    
200.25000    37.08090    4.00170    5.08450    4.93900    
200.75000    37.19920    5.07810    5.01480    5.61170    
201.25000    37.18760    2.96100    4.83340    4.52250    
201.75000    37.30170    4.62780    4.67040    5.76700    
202.25000    36.93260    4.66120    4.58480    4.13870    
202.75000    36.84010    4.32370    4.63710    4.26800    
203.25000    36.68200    7.98000    4.02910    3.83320    
203.75000    36.36260    6.02320    3.88400    4.46190    
204.25000    35.65680    12.39610    4.01600    3.57110    
204.75000    37.07880    4.36940    3.92260    4.04370    
205.25000    35.96270    4.52410    3.65200    3.81300    
205.75000    35.85060    6.26800    3.62560    3.19080    
206.25000    36.49310    5.67280    3.30820    3.11180    
206.75000    35.99540    4.62930    3.88240    3.47250    
207.25000    36.09330    3.10170    3.73430    3.17010    
207.75000    36.57180    3.97760    3.70430    5.12880    
208.25000    36.04390    6.19400    3.34500    3.66270    
208.75000    36.52610    3.19960    3.22180    3.35910    
209.25000    35.76940    11.07210    3.20600    3.79130    
209.75000    35.94640    5.27870    3.01760    3.77380    
210.25000    35.74710    6.37920    2.91060    3.27380    
210.75000    35.89010    5.92270    2.89130    2.95690    
211.25000    35.81670    4.50050    2.68940    2.28580    
211.75000    35.76240    3.46270    2.53020    2.57070    
212.25000    34.77580    6.68800    2.67880    3.12490    
212.75000    35.54490    4.92120    3.07500    4.09060    
213.25000    36.10910    2.53230    2.72640    3.14490    
213.75000    34.59940    5.54930    2.31690    2.67920    
214.25000    35.66130    1.89140    2.61080    2.61180    
214.75000    35.10970    4.16280    2.07540    1.52300    
215.25000    34.78800    2.84350    2.30770    1.88780    
215.75000    35.12320    2.82520    2.23300    1.68860    
216.25000    34.31420    5.93220    2.21480    1.88040    
216.75000    34.86250    1.43220    2.17760    2.72980    
217.25000    33.66270    4.51390    2.09060    2.14110    
217.75000    34.41310    1.93220    1.97990    1.61650    
218.25000    33.99220    1.99680    1.83560    1.41930    
218.75000    33.97680    3.61420    1.75440    1.10820    
219.25000    33.89980    2.80820    1.79000    1.57060    
219.75000    33.31870    2.00470    1.76740    2.10320    
220.25000    33.21020    2.47170    1.62460    1.10910    
220.75000    33.13710    2.52920    1.52440    1.23330    
221.25000    33.32450    1.07070    1.74900    2.30620    
221.75000    33.00090    0.90450    1.17530    0.87630    
222.25000    32.63920    0.84340    1.02320    1.29770    
222.75000    32.29130    1.18190    0.79680    0.99320    
223.25000    31.42610    1.64300    0.72770    1.95550    
223.75000    31.04190    1.10340    0.43720    1.25620    
224.25000    30.24820    1.34210    -0.20210    0.97590    
224.75000    29.33370    2.92040    -0.28210    1.08720    
225.25000    27.79560    2.01870    -1.34940    1.50070    
225.75000    23.51970    6.65070    -2.25170    1.47810    
226.25000    28.45310    22.94320    -3.34160    3.21290    
226.75000    28.37400    23.76230    4.19370    20.77910    
227.25000    13.20110    6.44850    12.10310    2.55900    
227.75000    18.47780    3.31730    13.60650    1.00230    
228.25000    21.03990    5.66870    13.83650    2.19980    
228.75000    24.83390    3.85390    13.96650    1.38890    
229.25000    25.98160    4.87330    14.14590    1.51930    
229.75000    27.08270    3.19750    13.92900    2.41730    
230.25000    28.05810    4.75100    13.77820    2.65980    
230.75000    29.03130    5.22350    13.89440    2.70450    
231.25000    29.90300    3.11960    13.49650    3.13990    
231.75000    30.39160    6.24460    13.01360    3.96040    
232.25000    30.83350    6.81080    13.04250    2.52800    
232.75000    31.83740    4.03890    12.60180    3.40600    
233.25000    32.28400    5.18330    12.14730    3.20170    
233.75000    33.29580    3.45890    12.36550    4.32140    
234.25000    33.08180    4.41390    12.10320    3.77450    
234.75000    33.77490    2.65890    11.54390    3.79140    
235.25000    32.91710    5.55200    11.36610    4.08640    
235.75000    34.62360    5.83900    10.78720    3.23440    
236.25000    34.41050    4.84930    10.79800    3.07090    
236.75000    34.27320    7.60730    10.65550    3.52600    
237.25000    36.14430    4.79480    10.01770    3.74040    
237.75000    35.79660    4.61640    9.94490    2.21260    
238.25000    36.20730    5.68860    9.72540    4.31840    
238.75000    34.91640    9.66380    9.31280    3.89310    
239.25000    36.14860    5.50630    9.49870    5.44100    
239.75000    36.45740    4.40350    9.23880    4.71980    
240.25000    37.07660    4.44770    9.01440    3.87310    
240.75000    35.38320    8.78480    8.62890    3.89920    
241.25000    37.56610    4.38340    8.37040    4.51130    
241.75000    36.02370    6.26070    8.60690    4.41810    
242.25000    36.42860    5.39660    7.95010    3.65780    
242.75000    36.88850    5.61430    7.92210    5.37670    
243.25000    36.82450    5.06540    7.89310    4.36730    
243.75000    36.20860    5.77930    7.57330    4.10670    
244.25000    37.20340    6.16790    7.84860    5.01070    
244.75000    37.42050    6.29300    7.19880    4.89020    
245.25000    36.68770    3.09240    7.19720    3.95720    
245.75000    37.42610    5.81470    6.75560    4.98510    
246.25000    36.48310    13.34060    6.40090    3.83510    
246.75000    37.56030    4.10710    6.16850    5.18060    
247.25000    36.37110    6.33870    6.71920    4.83830    
247.75000    36.94710    7.39570    6.38750    4.59250    
248.25000    37.45630    3.93010    5.72770    4.87390    
248.75000    36.24410    14.73060    5.07580    4.05750    
249.25000    36.97880    6.06050    5.28190    3.27360    
249.75000    36.46410    9.94090    5.01710    4.97630    
250.25000    37.17680    7.22650    5.24770    4.51550    
250.75000    37.13880    5.87460    5.14670    4.65480    
251.25000    35.77680    5.01940    4.98070    4.23390    
251.75000    36.85960    5.40040    4.85450    3.70390    
252.25000    37.14740    6.94300    5.05430    4.72270    
252.75000    36.68680    3.99850    5.11160    4.91150    
253.25000    36.51370    7.33690    4.69190    4.35880    
253.75000    37.12870    5.19150    4.48280    3.86640    
254.25000    36.20380    5.64980    4.15860    4.82720    
254.75000    36.81420    5.92380    4.53470    3.50890    
255.25000    36.24160    8.08990    3.93790    4.49120    
255.75000    36.37100    4.19250    4.02580    4.12550    
256.25000    35.83440    8.12620    3.72520    5.02240    
256.75000    35.68350    7.02150    3.86820    4.11960    
257.25000    36.34810    3.54450    3.67890    4.26670    
257.75000    36.30500    5.73900    3.46150    3.94500    
258.25000    36.11460    3.94890    3.61430    3.83400    
258.75000    35.24250    6.05890    3.36860    3.60950    
259.25000    35.35310    11.70170    3.24150    3.63090    
259.75000    36.46620    2.75620    3.47450    3.84480    
260.25000    35.64940    3.59550    3.35860    3.32760    
260.75000    34.49050    12.22750    3.16980    2.40530    
261.25000    34.98590    6.53350    2.62680    1.73350    
261.75000    35.13750    7.84830    2.72270    2.78590    
262.25000    35.91780    1.70160    2.69740    2.70530    
262.75000    34.80770    3.75820    2.81530    3.27980    
263.25000    34.74420    5.75580    2.84390    3.32960    
263.75000    35.09350    4.04720    2.74040    2.60930    
264.25000    34.47700    4.56020    2.64430    2.10440    
264.75000    35.08770    5.30920    2.57170    2.25710    
265.25000    34.33850    4.55920    2.40280    2.12660    
265.75000    34.97660    3.12760    2.29390    1.45460    
266.25000    34.59690    2.47120    2.24430    1.63240    
266.75000    34.26060    1.75300    2.26970    1.87900    
267.25000    34.26040    2.68500    2.28010    1.72110    
267.75000    34.10040    3.38710    2.01880    1.98050    
268.25000    34.17860    3.10960    2.32070    2.17830    
268.75000    34.14950    3.02900    2.28770    2.58920    
269.25000    33.18110    4.97260    1.97910    2.00490    
269.75000    33.53290    2.36100    1.97320    1.70510    
270.25000    33.27150    3.96180    1.93960    1.16200    
270.75000    33.71880    0.96220    1.59600    1.32910    
271.25000    33.06090    2.21350    1.94000    2.12540    
271.75000    32.57560    3.10950    1.47300    0.90680    
272.25000    33.12280    2.85570    1.60830    1.20610    
272.75000    32.68230    1.65170    1.57770    1.74550    
273.25000    32.19060    1.66480    1.50800    1.31080    
273.75000    31.18110    2.58340    1.25970    0.90890    
274.25000    31.17490    2.32980    1.19300    2.19220    
274.75000    31.39880    0.85670    1.14700    1.62890    
275.25000    30.41180    2.57950    0.65570    1.28280    
275.75000    30.08930    1.44420    0.45190    1.14760    
276.25000    28.30300    1.82540    -0.01510    1.06260    
276.75000    26.80470    1.62640    -0.52520    1.41910    
277.25000    23.64010    5.94150    -1.59910    0.95140    
277.75000    19.55160    45.29000    -1.99190    2.36660    
278.25000    18.47500    104.36020    0.74390    5.65080    
278.75000    12.11810    5.53960    11.35410    3.80200    
279.25000    18.09650    2.99630    14.13110    1.95230    
279.75000    21.41850    2.39210    13.66240    2.85090    
280.25000    23.54750    7.09800    14.17630    2.62530    
280.75000    25.45620    5.80210    14.36450    2.08350    
281.25000    26.87630    4.31830    14.22630    2.32900    
281.75000    27.66930    3.83500    13.66200    2.38400    
282.25000    27.73590    4.25210    13.86590    2.38260    
282.75000    29.91580    3.62120    13.76980    3.96740    
283.25000    30.58380    5.17280    13.87470    4.23710    
283.75000    30.73990    3.52640    13.41560    3.36770    
284.25000    31.93620    4.01990    13.16430    2.77010    
284.75000    31.98590    4.76830    12.58250    3.31360    
285.25000    32.75280    4.73060    12.66550    4.01120    
285.75000    33.57180    4.83920    12.30910    3.33570    
286.25000    33.72340    2.49000    11.84310    3.36620    
286.75000    34.03480    4.06170    12.17400    3.66680    
287.25000    34.67900    5.65280    11.33770    4.59090    
287.75000    34.34240    10.51560    11.28530    3.83010    
288.25000    33.66090    6.31960    11.21460    3.96580    
288.75000    34.38390    8.19730    11.17110    4.00000    
289.25000    36.01260    5.10390    10.17150    4.60270    
289.75000    35.85710    3.26180    9.75170    4.34850    
290.25000    35.45550    14.95570    10.07570    3.85900    
290.75000    36.08490    4.64070    10.05290    3.84190    
291.25000    36.05550    9.91170    9.52730    4.57050    
291.75000    36.62260    5.81690    9.25780    3.45870    
292.25000    36.33450    8.81100    9.10030    4.47560    
292.75000    37.62000    3.83140    8.81800    4.07150    
293.25000    36.94110    3.03430    8.41450    4.38890    
293.75000    36.92280    5.25240    8.30780    4.23720    
294.25000    36.37250    6.78040    7.83090    3.81200    
294.75000    36.53730    6.99650    7.98540    4.43480    
295.25000    36.99310    2.46600    7.45060    4.42330    
295.75000    36.74760    3.31830    7.78900    3.33500    
296.25000    37.07060    5.11870    7.37220    5.33690    
296.75000    37.55290    5.40750    6.77980    4.85110    
297.25000    37.38650    4.99470    6.96480    5.11460    
297.75000    37.38410    3.50090    6.56440    4.74150    
298.25000    36.29110    8.18390    6.44970    5.15720    
298.75000    36.58220    6.17740    6.05990    3.76670    
299.25000    36.82180    3.33080    6.45910    4.31280    
299.75000    37.88940    2.84200    5.79940    5.98240    
300.25000    37.57360    10.13110    5.61600    4.55150    
300.75000    37.48870    4.67790    5.79560    5.68330    
301.25000    36.76250    4.25550    5.15980    5.13730    
301.75000    36.32970    9.56070    5.08510    4.69900    
302.25000    37.09130    3.08950    5.46050    5.26480    
302.75000    37.11620    4.97190    4.97070    4.77760    
303.25000    37.02810    3.73670    4.92980    5.03390    
303.75000    36.42260    5.67200    4.58160    4.07560    
304.25000    36.43740    6.63480    4.82460    4.47190    
304.75000    36.13090    9.23780    4.57930    4.91900    
305.25000    37.14070    6.15710    4.27980    4.74510    
305.75000    36.44040    5.77040    3.86690    4.83630    
306.25000    36.08210    8.15720    3.98910    4.48130    
306.75000    36.07680    4.33010    3.97790    3.87230    
307.25000    36.22240    6.17050    3.97570    4.12020    
307.75000    36.36400    6.76350    3.58550    3.53080    
308.25000    35.86870    4.03390    3.69180    4.63060    
308.75000    35.52100    3.74310    3.42840    4.16220    
309.25000    36.69090    4.36200    3.48570    3.79890    
309.75000    36.38900    3.08820    3.23150    3.85300    
310.25000    35.20230    7.56130    3.28360    3.37940    
310.75000    35.57790    2.80590    3.05660    2.30290    
311.25000    35.95430    3.52370    3.09680    3.00390    
311.75000    36.02190    3.54020    2.95780    2.75000    
312.25000    35.64840    5.50420    3.05460    2.74160    
312.75000    35.87540    4.39790    2.80280    2.27940    
313.25000    35.38870    5.93010    3.01800    3.23670    
313.75000    35.62500    4.26130    2.89220    2.75490    
314.25000    35.54390    2.21110    2.32530    1.56350    
314.75000    35.53170    3.06190    2.62320    2.28820    
315.25000    36.00410    3.67330    2.60320    2.45700    
315.75000    34.84740    3.59700    2.41700    1.87230    
316.25000    35.27910    2.93440    2.68670    1.92430    
316.75000    34.75310    4.02310    2.26910    2.40940    
317.25000    35.37620    0.88440    2.15080    2.12280    
317.75000    35.35250    1.88980    2.03560    0.94250    
318.25000    34.82610    4.09390    2.06350    1.51020    
318.75000    34.52320    2.24150    2.61300    2.69110    
319.25000    34.62410    2.23510    2.36850    2.28280    
319.75000    34.37140    1.34710    1.98130    1.11480    
320.25000    34.00300    2.20350    1.89050    0.65670    
320.75000    33.96970    2.21320    1.98310    1.91090    
321.25000    33.80950    2.69080    2.06700    1.92180    
321.75000    33.25000    2.95050    1.95060    1.77110    
322.25000    33.76950    1.30960    1.85900    1.40530    
322.75000    33.11720    4.63910    1.54120    0.86010    
323.25000    32.61420    1.72660    1.48270    0.71410    
323.75000    33.04350    2.02850    1.65380    1.59960    
324.25000    32.87510    1.89880    1.51000    1.07120    
324.75000    32.65950    1.79020    1.43870    1.42280    
325.25000    32.11690    1.38740    1.24040    1.53010    
325.75000    31.26710    2.46130    0.98350    1.06670    
326.25000    31.16120    1.72500    1.04600    1.14340    
326.75000    30.88190    0.92920    0.39660    0.74170    
327.25000    29.32190    2.27060    0.42360    2.00310    
327.75000    28.38700    2.69870    0.14560    1.40430    
328.25000    26.87730    2.54740    -0.57630    1.81890    
328.75000    23.97250    2.93880    -1.58370    1.81250    
329.25000    26.10970    20.97700    -2.55590    0.73040    
329.75000    26.91570    21.10180    2.42560    16.64970    
330.25000    12.89910    5.91770    12.43540    3.23850    
330.75000    18.95660    3.61420    13.56660    2.43220    
331.25000    21.55620    4.23530    13.96350    2.14350    
331.75000    24.09000    3.20660    13.55470    1.77520    
332.25000    25.90530    2.98550    13.60520    1.82290    
332.75000    26.93160    3.27790    13.76910    2.20860    
333.25000    28.57410    6.16250    13.52960    2.08490    
333.75000    29.35790    2.85850    13.77600    2.42160    
334.25000    29.93540    6.01470    13.61680    2.92390    
334.75000    30.98240    1.95200    13.19410    3.61120    
335.25000    30.36300    5.09330    12.85750    2.28090    
335.75000    32.06450    4.37790    12.48250    3.48890    
336.25000    32.68250    2.96920    12.55630    2.75600    
336.75000    32.60300    3.33850    11.96030    3.28930    
337.25000    33.25340    4.31930    11.87810    4.07540    
337.75000    33.70040    3.16960    11.85070    4.13550    
338.25000    34.68090    5.60940    11.17130    3.31540    
338.75000    34.12370    6.66310    10.88980    4.91920    
339.25000    35.08220    2.60110    10.85100    4.26620    
339.75000    35.06560    6.25760    10.73970    5.07910    
340.25000    35.41880    4.78450    9.98500    2.99060    
340.75000    36.04680    4.97770    10.21650    4.64550    
341.25000    35.57730    5.49990    10.07670    3.82250    
341.75000    35.37990    7.23660    9.85140    5.11110    
342.25000    35.54500    2.70570    9.32930    4.85520    
342.75000    36.03480    8.77150    9.63600    4.81570    
343.25000    37.32590    2.43330    8.97470    4.05450    
343.75000    36.80080    5.81380    8.71320    4.50170    
344.25000    36.11900    6.45710    8.83520    3.78020    
344.75000    36.97300    3.51420    8.11420    4.26070    
345.25000    37.34240    6.65180    8.31750    4.60360    
345.75000    36.13020    4.10470    8.00740    4.21190    
346.25000    37.14840    6.97900    7.95860    4.39430    
346.75000    36.55750    4.84230    7.44000    3.53840    
347.25000    37.54160    6.07840    7.42450    5.40450    
347.75000    38.19040    3.70760    7.57680    5.48970    
348.25000    37.34320    8.79700    7.10280    4.01890    
348.75000    36.74400    5.15330    6.45090    5.45730    
349.25000    37.24830    3.16690    7.02020    5.56790    
349.75000    36.19840    5.13390    6.26940    5.17690    
350.25000    37.43670    3.75800    6.39710    4.90720    
350.75000    36.57410    4.86170    5.77500    4.94170    
351.25000    36.35180    8.20210    6.03750    4.84430    
351.75000    37.53470    6.79680    5.77550    3.81730    
352.25000    36.80930    5.60050    4.97840    4.45120    
352.75000    36.42550    6.61720    5.15230    4.86920    
353.25000    37.23530    3.65530    5.22340    4.37850    
353.75000    36.82280    3.75510    5.10770    4.97940    
354.25000    37.53770    4.50570    4.98980    4.66220    
354.75000    36.72060    6.02360    4.94140    4.04680    
355.25000    36.36860    6.01390    4.51520    3.11400    
355.75000    36.76050    3.62030    4.37170    4.73680    
356.25000    36.44450    7.83020    5.03140    4.39750    
356.75000    35.56610    7.48450    4.50240    3.46730    
357.25000    36.28050    2.50590    4.20570    4.21750    
357.75000    37.40410    3.82190    3.73020    4.72290    
358.25000    36.04440    5.15650    3.60660    3.95560    
358.75000    35.81300    9.11980    3.70780    3.53070    
359.25000    36.52380    11.97310    3.72920    4.56070    
359.75000    36.44280    5.86250    3.18500    3.07380    
