TITLE:  An Experimental Investigation of the Flow through an Axial-Flow Pump
AUTHORS:  Zierke, Straka, and Taylor
JOURNAL PAPER FIGURE(S):  NA
PSU/ARL TR 93-12 FIGURE(S):  42d  
*****************************************************************************
DATA TITLE:   2-Component LDV Measurements of Unsteady Potential Flow Effect  
              at 76.2% Span, 4.7% Chord Upstream of Rotor Blade Leading Edge
MEASUREMENT TYPE:  2-component Laser Doppler Velocimetry
MEASUREMENT LOCATION:  76.2% span, 4.7% local rotor chord axially upstream
                       rotor blade leading edge
NOMINAL CONDITIONS:  
  vinf = 35.0 ft/sec
  pref = 43.2 psia
  rho  = 1.932 slugs/ft^3
  rotor rpm  = 260
  rotor tip speed, Utip = 47.6 ft/sec
  volumetric flow coefficient = 1.36
  rotor chord = variable with span 
                (10.49 in. @ tip, 11.22 in. @ hub, 10.72 in. @ 76.2% span)
  rotor span  = 10.50 inches
DATA COLUMNS:
  1 -- Location of measurement volume in degrees 
  2 -- mean axial velocity component in measurement volume, Vz, [ft/sec]
  3 -- sample variance of axial velocity component, [ft/sec]^2
  4 -- mean axial tangential component in measurement volume, Vt, [ft/sec]
  5 -- sample variance of tangential velocity component, [ft/sec]^2
*****************************************************************************
0.25000    35.80790    3.86150    3.61430    3.24980    
0.75000    35.73300    3.46760    3.78170    2.64150    
1.25000    36.42670    2.20690    3.56440    2.23210    
1.75000    36.00280    3.45200    3.46210    3.23650    
2.25000    36.06560    2.49130    3.40970    3.27170    
2.75000    35.71950    3.09380    3.53920    2.56390    
3.25000    35.84310    3.29180    3.15790    2.13340    
3.75000    35.46950    3.83050    3.53510    2.55850    
4.25000    36.13110    1.92960    2.88460    1.27170    
4.75000    35.67190    1.85930    2.86690    1.62730    
5.25000    35.60030    3.57310    2.74650    1.50990    
5.75000    35.66770    1.84110    2.81990    1.66090    
6.25000    34.93290    3.00430    2.96300    2.13790    
6.75000    35.47530    1.28180    2.81900    1.14990    
7.25000    35.31730    2.75070    2.74110    2.22170    
7.75000    34.92290    2.32670    2.44630    1.16110    
8.25000    34.73420    1.93030    2.55900    0.92480    
8.75000    34.52580    1.69130    2.43850    0.72630    
9.25000    34.42330    1.81430    2.55360    1.56590    
9.75000    34.47710    1.55930    2.52060    0.91540    
10.25000    34.33290    1.21970    2.43870    0.94420    
10.75000    33.95150    1.29290    2.27730    0.65940    
11.25000    33.86390    1.17260    2.52030    1.79450    
11.75000    33.82620    1.43720    2.30890    0.89970    
12.25000    33.59760    1.23130    2.19030    0.67500    
12.75000    33.43820    1.26290    2.23960    0.63640    
13.25000    33.12060    1.42710    2.45230    1.42740    
13.75000    32.98650    1.34580    2.51210    1.29080    
14.25000    32.44510    1.48290    2.24360    0.80570    
14.75000    32.15360    1.43470    2.14790    0.69980    
15.25000    32.13510    0.73670    2.24130    0.31490    
15.75000    31.59770    1.01860    2.19840    0.39690    
16.25000    31.14390    2.06290    2.16980    1.08730    
16.75000    30.98360    1.53250    2.42220    0.71810    
17.25000    30.17900    0.77310    2.81470    1.38280    
17.75000    29.39570    1.12900    2.34710    0.70630    
18.25000    28.49530    1.33550    2.87050    1.12200    
18.75000    27.59720    1.27960    3.12440    0.99370    
19.25000    26.75460    1.72100    3.62790    1.01670    
19.75000    25.83130    1.75880    4.31480    1.25750    
20.25000    25.11240    2.01750    5.06390    1.05080    
20.75000    24.66450    1.77220    6.43110    2.58740    
21.25000    24.83810    2.27930    7.15070    1.77840    
21.75000    24.58120    2.77670    8.50120    1.50550    
22.25000    25.76410    3.19280    9.41710    2.22630    
22.75000    26.50790    3.28770    9.80930    1.33350    
23.25000    27.60900    2.92430    10.68110    2.63850    
23.75000    28.20290    3.99870    10.86960    1.55240    
24.25000    28.54340    3.63770    11.02270    1.72520    
24.75000    29.35620    4.00380    11.18290    2.47250    
25.25000    30.22480    3.62050    11.37890    2.14040    
25.75000    30.68510    3.85810    11.55500    2.19830    
26.25000    31.29270    3.34300    11.39750    2.91750    
26.75000    31.50910    4.14390    11.42910    2.38680    
27.25000    32.49320    4.46850    11.59140    3.48290    
27.75000    32.57160    4.77350    11.05280    2.91230    
28.25000    32.89640    4.51000    10.69810    2.88750    
28.75000    33.46280    5.09420    10.69190    2.39420    
29.25000    33.86420    6.07120    10.84030    3.21020    
29.75000    33.88430    5.40560    10.71510    3.64500    
30.25000    34.20750    5.07520    10.18530    3.81230    
30.75000    34.55650    5.54490    9.98200    3.34730    
31.25000    35.09870    4.98330    10.02930    4.33290    
31.75000    35.51730    3.98430    9.82470    4.67240    
32.25000    35.12330    4.90340    9.90450    4.07420    
32.75000    35.81540    4.38120    9.47480    3.61780    
33.25000    35.44400    6.11960    8.82060    3.97300    
33.75000    35.10710    6.95710    9.15100    2.91060    
34.25000    36.08020    4.70380    9.36770    5.19680    
34.75000    35.79290    4.86080    8.90100    4.53310    
35.25000    36.09460    4.77390    8.69460    3.53620    
35.75000    36.44980    4.01470    8.64940    4.17630    
36.25000    36.57540    4.66380    8.26340    3.74250    
36.75000    36.41130    4.01350    7.54400    5.21850    
37.25000    36.70400    4.17350    7.65850    3.98740    
37.75000    36.27090    4.36250    7.70750    3.63910    
38.25000    36.42540    6.79040    7.32400    4.87850    
38.75000    36.22520    7.81110    7.17980    4.28840    
39.25000    36.92500    5.14000    7.05270    4.60560    
39.75000    36.62240    5.43620    6.67990    4.36060    
40.25000    36.89240    5.06070    6.11530    3.95430    
40.75000    36.86690    4.02450    6.65350    5.04640    
41.25000    36.64840    3.79970    6.83310    4.42830    
41.75000    36.71970    5.64010    6.22800    5.69720    
42.25000    36.33660    5.32890    6.24730    5.45800    
42.75000    37.30230    5.42950    5.77220    4.91750    
43.25000    37.30890    4.12720    5.77800    5.06120    
43.75000    36.68770    4.48040    5.87100    4.32950    
44.25000    36.72140    3.93330    5.88910    4.97640    
44.75000    36.85700    5.23020    5.21210    2.98120    
45.25000    36.05530    5.84340    5.47040    3.84810    
45.75000    36.75330    3.86700    4.91560    3.42710    
46.25000    36.33880    7.98970    4.90100    6.37940    
46.75000    36.79270    5.38420    4.84410    3.41250    
47.25000    36.62110    5.28100    4.31290    2.65730    
47.75000    36.53810    4.28880    5.04100    4.03030    
48.25000    36.66900    4.69560    4.52860    3.40490    
48.75000    36.22460    4.51170    4.28860    3.75180    
49.25000    36.52630    2.94060    4.01820    2.49010    
49.75000    36.79750    2.35130    4.21950    2.75830    
50.25000    36.07080    5.90440    3.67110    3.15880    
50.75000    36.48140    4.02200    3.49010    2.56430    
51.25000    36.13960    3.57420    3.50300    2.52300    
51.75000    36.67200    2.19790    4.65240    5.15980    
52.25000    35.87810    4.11160    3.30130    1.50070    
52.75000    36.43890    3.51190    3.32950    1.97400    
53.25000    35.90660    3.57280    3.30700    2.23180    
53.75000    36.21630    1.94320    3.19790    1.83840    
54.25000    36.02970    3.49430    3.18000    2.08170    
54.75000    35.53140    3.21200    2.96570    1.36420    
55.25000    35.88890    1.83260    3.11640    1.82310    
55.75000    35.76340    3.15590    2.83200    1.57760    
56.25000    35.75770    3.12630    2.97740    1.94180    
56.75000    35.77980    2.10970    3.39440    2.76310    
57.25000    35.26980    2.70010    2.71780    1.10050    
57.75000    35.39000    1.92720    2.63660    0.92860    
58.25000    35.19810    2.90420    2.68000    1.37380    
58.75000    35.23950    1.65470    2.51630    0.94870    
59.25000    34.80690    1.76630    2.80730    1.77550    
59.75000    34.74280    2.03240    2.37360    1.35120    
60.25000    34.59050    2.09850    2.50560    1.72070    
60.75000    34.43470    1.65250    2.47680    0.93630    
61.25000    34.13180    3.28190    2.46070    1.29120    
61.75000    34.00790    2.11900    2.39040    1.41510    
62.25000    33.85670    1.79400    2.32980    0.92310    
62.75000    33.68110    1.64970    2.21220    0.58970    
63.25000    33.69930    1.48730    2.29030    0.47570    
63.75000    33.41000    2.17860    2.38820    1.53990    
64.25000    33.02700    1.51910    2.30180    0.96780    
64.75000    33.14670    1.11810    2.37370    0.92260    
65.25000    32.52250    1.64410    2.37540    1.15010    
65.75000    32.58950    1.01350    2.17210    0.45550    
66.25000    32.43650    1.67170    2.05610    0.18970    
66.75000    31.87460    1.59200    2.33220    1.00810    
67.25000    31.62400    1.28180    2.23580    1.19900    
67.75000    31.04080    1.04040    2.13600    0.81080    
68.25000    30.72760    0.88530    2.25650    0.80650    
68.75000    29.88840    1.47460    2.20180    0.54230    
69.25000    29.44980    0.81590    2.50720    0.98110    
69.75000    28.50650    1.06030    2.92960    1.28680    
70.25000    27.65670    1.37280    3.09420    1.04550    
70.75000    26.93930    1.57920    3.49310    1.12200    
71.25000    25.59930    2.14220    4.25270    1.01330    
71.75000    24.81020    2.25020    5.11490    1.53430    
72.25000    24.50980    2.23830    6.21730    1.44570    
72.75000    24.18150    2.66010    7.47500    1.18460    
73.25000    24.70220    2.72170    8.65150    2.38400    
73.75000    25.55070    2.81870    9.53190    1.51600    
74.25000    26.46150    2.29370    10.07920    1.33370    
74.75000    27.16370    3.33030    10.62590    2.00760    
75.25000    27.69670    2.77660    11.03060    1.92830    
75.75000    28.98230    2.81940    11.13410    1.95030    
76.25000    29.58710    3.71050    11.49090    2.71550    
76.75000    30.17450    3.96650    12.00130    3.21190    
77.25000    30.10720    3.40340    11.48470    4.22940    
77.75000    30.89770    4.18800    11.35190    3.53230    
78.25000    31.82020    3.29420    11.19380    3.12930    
78.75000    32.18710    3.89530    11.03200    2.41380    
79.25000    32.42850    4.95320    10.85870    2.31680    
79.75000    32.75980    4.58710    10.92420    3.26620    
80.25000    33.40090    4.27410    10.52590    3.27760    
80.75000    33.62620    4.39510    10.85190    3.66570    
81.25000    34.44180    5.00700    10.59710    2.89900    
81.75000    34.63630    3.79040    10.02100    3.29680    
82.25000    34.81190    5.58360    10.01000    3.79490    
82.75000    34.66270    3.80030    9.37310    3.07170    
83.25000    35.09380    6.96700    9.56330    3.42100    
83.75000    34.84240    4.59940    9.59410    4.56360    
84.25000    35.59240    4.82410    9.39060    3.50790    
84.75000    35.63980    6.69410    8.65140    3.81760    
85.25000    35.72100    5.74740    8.97420    4.28470    
85.75000    36.03960    4.99020    9.09020    5.66230    
86.25000    36.21070    3.92290    8.13760    3.59160    
86.75000    36.25670    4.87390    8.58370    5.02870    
87.25000    36.34450    6.27030    8.48270    4.63380    
87.75000    35.99960    5.98470    7.86440    3.63290    
88.25000    36.21530    3.82730    8.23960    4.70580    
88.75000    36.84550    5.56150    7.43750    4.04470    
89.25000    36.73260    3.93500    7.18910    4.81980    
89.75000    36.61950    4.75380    7.42560    4.62720    
90.25000    36.51320    7.39390    7.52110    3.72260    
90.75000    36.93980    5.48820    7.00020    6.07090    
91.25000    37.32550    3.86290    6.68600    4.76190    
91.75000    36.72670    5.59300    6.32900    4.17680    
92.25000    36.65270    4.75120    6.51720    4.89360    
92.75000    36.51300    4.55300    6.72260    4.42200    
93.25000    36.35910    4.74290    6.44670    5.18850    
93.75000    36.66300    6.24020    5.86540    3.56510    
94.25000    36.29660    4.99980    5.38870    4.19040    
94.75000    36.51780    5.34030    5.37110    3.49790    
95.25000    36.73380    5.00040    5.85120    4.28850    
95.75000    37.11050    5.56730    5.13720    4.02850    
96.25000    36.62060    4.86790    5.37160    4.62300    
96.75000    36.60190    5.25980    4.99300    3.17160    
97.25000    36.51380    4.79720    5.01970    3.88410    
97.75000    36.69280    4.45460    5.22250    3.77710    
98.25000    36.36110    3.35160    5.16890    6.58380    
98.75000    36.21370    4.54320    4.86530    4.24370    
99.25000    36.47110    4.05890    4.87120    3.71370    
99.75000    36.05330    4.87100    4.66180    4.11350    
100.25000    36.69250    4.20920    4.31210    4.35960    
100.75000    36.67470    3.06830    4.13490    3.08720    
101.25000    36.55300    3.57090    4.02290    4.21030    
101.75000    36.61370    4.32240    4.08380    3.82570    
102.25000    36.49080    2.62740    3.95630    3.28770    
102.75000    35.74820    5.74610    3.69500    3.74030    
103.25000    36.18750    1.84910    3.61860    2.63660    
103.75000    35.98300    2.65780    3.57760    2.41470    
104.25000    35.62740    4.50140    3.69060    2.39250    
104.75000    35.99680    2.22120    3.28370    2.80220    
105.25000    35.41080    2.49240    3.09670    2.12480    
105.75000    35.43800    3.50370    3.26730    3.02190    
106.25000    35.71250    3.40980    2.94180    1.74200    
106.75000    35.55960    2.63890    2.86500    1.80780    
107.25000    35.59080    1.52330    3.07060    2.04840    
107.75000    35.75520    1.51890    2.81090    1.19610    
108.25000    35.33780    2.38220    3.01390    1.85940    
108.75000    35.14090    1.80130    2.78930    2.38500    
109.25000    35.20860    2.07890    2.82890    1.48290    
109.75000    34.85840    1.66350    2.76740    1.69460    
110.25000    34.71800    1.41780    2.54780    1.02430    
110.75000    34.62700    2.47500    2.88850    1.89020    
111.25000    34.44230    1.81190    2.64870    1.59000    
111.75000    34.33290    2.19400    2.59310    1.33350    
112.25000    34.39660    1.50210    2.67420    2.02210    
112.75000    33.77830    2.82200    2.61100    2.14710    
113.25000    33.76120    2.07870    2.47910    1.09660    
113.75000    34.07670    1.51990    2.46850    0.98300    
114.25000    33.20770    1.97630    2.38420    0.61980    
114.75000    33.26260    2.76340    2.58800    1.24110    
115.25000    32.95060    1.59750    2.42980    0.89060    
115.75000    32.98820    1.50500    2.40330    1.14920    
116.25000    32.50680    2.28140    2.49820    1.55360    
116.75000    32.09630    1.94360    2.50570    2.27150    
117.25000    32.26660    1.25720    2.49600    0.86200    
117.75000    31.62550    1.94260    2.32110    0.93680    
118.25000    31.48520    1.21590    2.34050    0.69670    
118.75000    31.16440    1.16110    2.42410    0.71110    
119.25000    30.43680    1.32390    2.46410    0.72870    
119.75000    29.93520    1.42140    2.46610    1.59140    
120.25000    29.36890    1.59180    2.77310    1.51220    
120.75000    28.31820    2.54330    2.84250    0.70750    
121.25000    27.64490    1.73590    3.00940    0.68000    
121.75000    26.82840    1.66450    3.69050    1.27960    
122.25000    25.92760    1.46000    3.93550    0.75070    
122.75000    24.95870    1.95540    4.91220    0.86990    
123.25000    23.93500    2.63580    5.90540    1.45000    
123.75000    23.87860    5.16690    6.92160    1.75730    
124.25000    23.78340    2.61120    8.07310    1.22720    
124.75000    24.34280    2.73400    9.12380    1.33920    
125.25000    25.61960    3.67070    10.36410    2.65510    
125.75000    26.50190    2.62830    10.57570    1.13670    
126.25000    27.28410    2.55230    11.12670    2.63070    
126.75000    27.94880    3.89190    11.70910    2.77160    
127.25000    28.64200    3.83150    11.61210    3.10250    
127.75000    29.31510    3.82510    11.83800    1.82140    
128.25000    30.24320    2.74320    11.81020    2.95930    
128.75000    30.82990    3.47860    11.80560    2.64320    
129.25000    31.40780    5.19860    12.08020    3.61670    
129.75000    31.78910    3.60580    11.72510    2.56370    
130.25000    32.55390    3.47940    11.60100    3.30850    
130.75000    32.70400    3.37410    11.56720    3.05770    
131.25000    33.07710    3.74320    11.53740    3.46890    
131.75000    33.45750    4.49410    11.26210    4.95900    
132.25000    33.31180    3.78340    10.93810    3.60450    
132.75000    33.88720    4.13340    10.80500    3.57340    
133.25000    35.03700    4.32950    10.36650    3.32710    
133.75000    34.49430    4.62760    10.02050    4.25030    
134.25000    34.36190    4.94840    10.13680    4.62660    
134.75000    35.11710    5.53150    9.71270    5.24680    
135.25000    35.15200    4.78560    10.13390    3.42360    
135.75000    35.90270    3.97690    9.94480    4.04950    
136.25000    35.70160    6.06680    9.64980    4.73460    
136.75000    35.62330    4.18980    8.90670    3.68250    
137.25000    35.61050    4.74800    8.98160    4.06360    
137.75000    35.86810    7.33130    8.99160    4.67260    
138.25000    35.74100    4.12590    9.16420    5.08800    
138.75000    35.99710    4.98680    8.82030    5.93070    
139.25000    36.32450    5.02880    8.24100    4.53750    
139.75000    36.61050    4.51700    7.72850    4.00100    
140.25000    36.85600    4.67510    7.72570    4.88700    
140.75000    36.68140    4.90480    7.71500    6.34490    
141.25000    36.66750    5.24670    8.02840    5.27330    
141.75000    36.87860    4.98160    6.68650    3.74710    
142.25000    36.79650    4.27030    7.31750    4.43290    
142.75000    36.58900    5.32570    7.03270    5.67360    
143.25000    36.83040    6.48810    6.59810    5.78050    
143.75000    36.93920    5.80430    6.22380    4.08270    
144.25000    37.14100    5.27520    6.36840    4.51460    
144.75000    37.21630    4.85610    6.21040    5.03570    
145.25000    36.90520    5.19410    5.97280    3.84570    
145.75000    36.31470    5.24550    5.35710    3.67890    
146.25000    36.75030    3.17320    5.54780    2.90940    
146.75000    36.75540    5.42660    6.06770    4.97690    
147.25000    36.11050    5.65660    5.66780    3.59250    
147.75000    36.90390    6.16840    4.68200    3.90250    
148.25000    36.97690    5.40370    5.20400    4.64950    
148.75000    37.00690    4.59120    4.79550    3.46020    
149.25000    37.22490    3.70010    5.08040    3.61810    
149.75000    36.28140    5.85550    4.75090    4.22890    
150.25000    36.54870    5.24720    4.74090    3.34760    
150.75000    36.80300    4.05150    4.18640    3.34160    
151.25000    36.79410    3.23940    4.16240    3.70310    
151.75000    36.69280    3.70010    3.88430    3.21820    
152.25000    36.69900    3.70300    3.77380    4.71090    
152.75000    36.36590    4.77360    4.54750    4.43660    
153.25000    36.28590    3.53450    3.70120    3.04200    
153.75000    36.67960    3.68600    3.84480    3.05640    
154.25000    36.23990    5.29510    3.76240    4.11800    
154.75000    36.34970    3.27220    3.28540    2.56990    
155.25000    35.80690    4.13340    3.34940    3.15880    
155.75000    35.93790    5.18060    3.45440    2.27320    
156.25000    36.09920    3.20800    3.23050    2.76020    
156.75000    36.31100    2.69750    3.37840    2.41690    
157.25000    35.80850    2.42450    3.12500    1.59300    
157.75000    36.16480    2.04390    3.10650    1.94920    
158.25000    36.19050    2.36030    3.05230    1.78630    
158.75000    35.80870    1.66030    3.18480    2.18920    
159.25000    35.70390    2.52170    2.86960    1.80990    
159.75000    35.74020    2.46150    2.79140    2.09090    
160.25000    35.67260    2.14100    2.96780    1.58580    
160.75000    35.22810    2.02450    2.65520    1.17340    
161.25000    35.46800    2.05220    2.39330    0.79700    
161.75000    34.85430    2.85240    2.62880    1.53040    
162.25000    35.11540    2.23190    2.69610    1.53690    
162.75000    34.67010    2.49730    2.44160    0.92390    
163.25000    35.19750    1.51950    2.65830    1.67280    
163.75000    34.54020    1.67330    2.51950    0.97130    
164.25000    34.32670    1.56630    2.19270    0.40990    
164.75000    34.33380    1.55890    2.75080    1.53620    
165.25000    34.00980    2.06690    2.67520    1.13740    
165.75000    33.84480    2.27940    2.51550    1.58640    
166.25000    33.36460    2.00020    2.54740    0.95010    
166.75000    33.77540    2.13950    2.38740    1.18710    
167.25000    33.12560    1.85890    2.30580    0.56820    
167.75000    33.23680    1.56950    2.13600    0.44180    
168.25000    32.85420    0.85560    2.35750    1.40660    
168.75000    32.44470    0.97830    2.20280    0.95270    
169.25000    32.01310    1.04200    2.36300    0.70930    
169.75000    31.75040    1.24580    2.41340    0.38100    
170.25000    31.23780    1.94940    2.39800    0.65510    
170.75000    31.02140    0.90190    2.26000    1.13490    
171.25000    30.39900    1.14820    2.58990    1.16260    
171.75000    29.96240    0.77200    2.45800    0.36990    
172.25000    28.87300    1.14960    2.56160    0.72070    
172.75000    28.16460    1.28840    2.86110    0.63380    
173.25000    27.26930    1.60950    3.40810    0.62130    
173.75000    26.25510    1.30020    3.96950    0.84690    
174.25000    25.50720    0.90610    4.49300    0.60340    
174.75000    24.96530    1.72590    5.51550    0.88470    
175.25000    24.71180    1.53280    6.59750    0.78900    
175.75000    24.86390    1.06700    7.94660    1.74360    
176.25000    25.36000    2.66710    8.98180    1.58410    
176.75000    25.88070    3.09740    9.96390    1.57100    
177.25000    26.80130    2.31440    10.36480    1.88140    
177.75000    27.86050    2.94190    10.70710    1.39290    
178.25000    28.31900    3.05680    11.26620    2.08880    
178.75000    29.57510    2.68990    11.26560    1.80810    
179.25000    30.18320    2.91850    11.39530    2.44270    
179.75000    30.61920    4.03270    11.64810    2.65010    
180.25000    31.36480    3.45800    11.94780    2.97710    
180.75000    31.57940    3.93890    11.19840    1.95140    
181.25000    32.38050    4.66050    11.03640    1.98540    
181.75000    32.71800    2.94350    11.59830    2.49100    
182.25000    32.91170    3.62490    11.34730    3.13880    
182.75000    33.37380    4.95020    10.99090    3.05170    
183.25000    33.63340    4.86410    10.94430    3.13260    
183.75000    34.32260    4.50910    10.55760    3.53150    
184.25000    35.08980    3.77600    10.63000    2.46420    
184.75000    34.67210    3.43710    10.41490    3.27700    
185.25000    35.09990    5.06210    10.22030    3.21620    
185.75000    35.69240    4.55760    10.15670    3.59260    
186.25000    35.42140    5.51320    10.17200    4.44910    
186.75000    35.49510    5.59020    9.26940    3.46000    
187.25000    36.00420    4.59140    9.61720    3.68450    
187.75000    36.02160    4.87530    9.44100    4.62000    
188.25000    35.70070    4.30550    9.40710    5.02350    
188.75000    36.06760    5.26180    8.73390    3.97520    
189.25000    36.54300    4.07770    8.73880    5.10770    
189.75000    36.42190    7.10300    8.74380    4.30370    
190.25000    36.40780    5.70390    8.74180    4.97560    
190.75000    36.17430    5.12040    8.49160    4.42310    
191.25000    36.14570    5.50830    7.86440    5.12580    
191.75000    36.92130    4.51670    7.14220    5.67510    
192.25000    37.19860    3.89950    7.14530    5.74800    
192.75000    37.06840    5.26640    7.56470    5.02690    
193.25000    36.72110    5.40830    7.05520    5.16670    
193.75000    36.75540    4.60670    7.41000    4.47430    
194.25000    37.11490    5.58710    6.95250    4.45580    
194.75000    37.28230    5.89350    6.65370    3.35540    
195.25000    36.88300    7.99060    6.44770    3.97070    
195.75000    37.15230    4.78330    6.11920    4.44190    
196.25000    36.60360    4.56600    5.93960    3.42710    
196.75000    36.64580    6.42680    6.27480    5.79710    
197.25000    37.04710    4.03840    6.23000    4.18660    
197.75000    37.12150    6.19310    5.50450    4.78860    
198.25000    37.01320    5.35770    6.25280    5.64850    
198.75000    37.00280    5.79660    5.74950    4.48290    
199.25000    37.43460    4.71840    5.33590    4.95640    
199.75000    36.94120    4.99530    4.83460    3.69870    
200.25000    37.32690    3.81760    5.03140    3.61630    
200.75000    37.52750    3.36070    5.01090    5.27170    
201.25000    36.70840    5.80640    4.96520    3.25510    
201.75000    37.16860    3.90210    4.35340    3.27710    
202.25000    37.55030    2.95300    5.39500    4.69150    
202.75000    36.53050    6.48260    4.80960    4.64310    
203.25000    36.55350    4.26020    4.39460    3.85060    
203.75000    36.10110    4.90260    4.38830    3.31980    
204.25000    36.96010    4.20340    3.65630    2.51210    
204.75000    36.79160    3.19090    4.04370    3.63670    
205.25000    36.32030    3.41640    4.25610    3.83250    
205.75000    36.06620    4.44950    3.93240    3.03190    
206.25000    36.45090    3.93290    3.62350    2.95900    
206.75000    36.49700    3.13180    3.36100    3.22510    
207.25000    36.47490    2.56830    3.42950    3.13730    
207.75000    36.54610    3.14530    3.16070    1.43950    
208.25000    36.23670    2.85670    3.43570    3.37010    
208.75000    36.20170    3.82010    3.60290    2.53400    
209.25000    36.42450    1.86570    3.22240    2.41180    
209.75000    36.07710    2.50230    3.24470    1.98820    
210.25000    36.12550    2.93900    2.92190    2.34740    
210.75000    35.89290    3.06130    3.06020    2.53920    
211.25000    35.54530    4.98730    2.98780    1.88360    
211.75000    35.73880    2.45290    2.98420    2.47520    
212.25000    35.38180    5.18190    2.61310    1.39960    
212.75000    35.39960    3.41120    2.99360    2.67510    
213.25000    35.45450    1.62580    2.83270    2.02890    
213.75000    35.01550    2.13340    2.44350    0.83680    
214.25000    35.01040    2.22440    2.65750    2.19240    
214.75000    34.93380    2.55520    2.46030    0.92490    
215.25000    35.02130    1.71120    2.49140    1.01190    
215.75000    34.94880    1.50890    2.33220    1.06410    
216.25000    34.50050    1.52290    2.39400    0.72580    
216.75000    34.45450    1.17560    2.41650    0.82420    
217.25000    34.26830    1.12700    2.47500    0.81350    
217.75000    34.27370    1.27640    2.29260    0.89820    
218.25000    34.20000    1.46720    2.44960    0.58440    
218.75000    33.85290    1.23610    2.35940    1.05390    
219.25000    33.40730    1.63940    2.42030    1.81280    
219.75000    33.17040    1.04620    2.22270    0.91280    
220.25000    32.78030    1.25640    2.22630    0.64460    
220.75000    32.54350    1.25920    2.11180    0.41650    
221.25000    32.28940    1.24150    2.03360    0.73020    
221.75000    31.66590    1.66270    2.09840    0.53930    
222.25000    31.56360    0.80270    2.22040    0.70050    
222.75000    30.90900    0.77840    2.49060    0.97180    
223.25000    30.24630    0.73150    2.38580    0.32630    
223.75000    29.58940    0.70640    2.66300    0.94180    
224.25000    28.80460    0.63110    2.75400    1.00640    
224.75000    27.81160    0.95790    3.38190    1.17240    
225.25000    26.59960    2.16660    3.86000    1.50270    
225.75000    25.71280    1.78100    4.58930    1.01550    
226.25000    25.25100    1.63000    5.55880    1.60240    
226.75000    25.04470    1.53980    6.73750    1.80060    
227.25000    25.41980    1.89520    7.92770    1.82790    
227.75000    26.07520    1.82560    8.63370    1.93430    
228.25000    26.64080    2.30730    9.45130    2.05770    
228.75000    27.80560    2.26990    9.89070    1.55550    
229.25000    28.60310    3.09930    10.72230    2.54470    
229.75000    29.02070    2.12540    10.90480    2.20550    
230.25000    30.15580    2.21250    10.89920    1.92100    
230.75000    30.44280    3.19750    10.98080    1.47080    
231.25000    31.15760    2.85400    10.83120    1.84890    
231.75000    31.39810    3.34590    11.13570    1.84460    
232.25000    31.93970    3.42320    11.21210    2.27480    
232.75000    32.69650    4.03950    10.82760    2.40420    
233.25000    32.80760    4.91060    10.59480    3.15000    
233.75000    33.18760    5.06640    10.71270    2.35410    
234.25000    33.75310    3.98950    10.64310    4.02360    
234.75000    33.87590    4.38600    10.75100    3.80190    
235.25000    34.19270    4.61550    10.44560    3.76320    
235.75000    34.57010    4.56580    9.96710    3.28800    
236.25000    34.60800    4.72140    9.80130    2.96680    
236.75000    34.56310    4.48260    10.25360    3.49850    
237.25000    34.99800    4.77340    9.26170    3.71560    
237.75000    34.77500    4.26720    9.66100    3.47470    
238.25000    35.77850    4.02940    9.23290    3.87650    
238.75000    35.41140    5.61880    9.33350    4.23740    
239.25000    35.60810    5.30680    9.28430    4.75350    
239.75000    35.85220    4.18690    9.08380    3.84250    
240.25000    36.17320    4.68740    8.53010    3.49370    
240.75000    36.33690    5.36690    8.55220    4.25170    
241.25000    36.46390    3.80410    8.05110    4.01830    
241.75000    37.00770    4.48250    8.10540    4.08870    
242.25000    36.35440    5.37480    7.64950    5.55680    
242.75000    36.86030    6.49200    7.55900    4.69460    
243.25000    36.35530    4.46230    7.25350    4.78760    
243.75000    37.26760    5.13410    7.09610    3.33110    
244.25000    36.61010    5.79980    7.47130    5.14640    
244.75000    36.66970    4.81890    6.62880    3.57010    
245.25000    37.03060    4.86260    6.82320    5.28950    
245.75000    37.04690    4.95910    7.29860    4.98290    
246.25000    37.63100    5.11430    6.49960    4.25440    
246.75000    36.69920    5.47000    6.94490    5.48300    
247.25000    37.17290    4.85330    6.48470    5.28310    
247.75000    36.31720    4.17110    5.91390    4.95480    
248.25000    36.35570    4.97870    5.98540    5.13180    
248.75000    36.75820    4.58210    5.77850    4.99530    
249.25000    36.63510    4.07150    5.76120    3.81110    
249.75000    37.11660    3.69370    5.20210    3.47730    
250.25000    36.78570    5.46160    5.07400    3.81960    
250.75000    37.12440    4.40660    5.53240    4.42400    
251.25000    36.73030    5.94780    4.84220    3.77140    
251.75000    36.91170    4.66310    4.90280    3.41690    
252.25000    37.12390    4.29590    5.12260    3.20870    
252.75000    36.58070    4.68160    4.80800    3.47080    
253.25000    37.10440    3.19060    4.26110    2.90220    
253.75000    36.72880    4.91630    4.75140    4.66480    
254.25000    36.52640    4.60840    4.63480    4.34960    
254.75000    36.36350    4.52070    4.18920    2.45700    
255.25000    37.12910    4.39440    4.20110    3.35280    
255.75000    36.92630    3.31760    4.03560    2.92710    
256.25000    36.29080    6.51680    4.04760    4.79170    
256.75000    36.40710    2.51500    3.65930    1.81320    
257.25000    36.46750    3.41180    3.99220    3.42460    
257.75000    36.53030    3.52610    3.74030    2.74170    
258.25000    36.39640    2.43700    3.66250    3.09810    
258.75000    36.22610    2.76800    3.71780    3.54990    
259.25000    36.05930    2.66830    3.13470    2.81840    
259.75000    36.15690    3.17810    3.33340    2.19470    
260.25000    35.98300    2.54070    3.24900    2.48870    
260.75000    35.60840    3.87980    3.40180    2.14600    
261.25000    35.64470    2.76140    3.62920    2.84700    
261.75000    36.08130    1.39480    3.22730    1.98860    
262.25000    35.42300    2.56770    3.12550    2.30690    
262.75000    35.75370    1.73720    2.89690    2.03540    
263.25000    35.40410    3.13940    2.84670    1.04510    
263.75000    35.09150    2.55920    2.97140    2.12330    
264.25000    35.02650    1.92030    2.65240    0.98720    
264.75000    35.05260    1.96610    2.56530    0.72080    
265.25000    34.90140    1.88940    2.83130    1.32160    
265.75000    34.78080    2.94350    2.47760    1.15280    
266.25000    34.58090    1.65260    2.51000    1.22160    
266.75000    34.51460    1.30440    2.48260    0.80500    
267.25000    34.35850    2.39230    2.38480    1.01530    
267.75000    34.30280    1.12640    2.29750    0.63250    
268.25000    34.41170    0.95610    2.54600    1.12930    
268.75000    34.04930    1.06700    2.42930    0.75220    
269.25000    33.37670    2.24630    2.28780    0.95280    
269.75000    33.70670    1.56830    2.28640    0.56030    
270.25000    33.06760    1.20180    2.13790    0.92010    
270.75000    32.95870    1.19120    2.21470    0.63100    
271.25000    32.73760    0.77610    2.38220    0.54770    
271.75000    32.55560    1.12610    2.35710    0.80310    
272.25000    32.11560    0.63830    2.30990    0.48960    
272.75000    31.81130    0.96910    2.41900    0.78910    
273.25000    31.32790    1.27470    2.40160    0.84580    
273.75000    30.92820    0.75440    2.42720    0.22090    
274.25000    30.56030    1.25590    2.45230    0.60180    
274.75000    29.74620    1.44180    2.62120    0.44380    
275.25000    29.21100    0.93930    2.65420    0.48040    
275.75000    28.54440    0.98190    3.04780    0.71000    
276.25000    27.37060    1.72040    3.36880    0.35810    
276.75000    26.39380    1.43360    3.69260    0.45110    
277.25000    25.71080    1.94810    4.96540    1.84250    
277.75000    25.33870    1.15460    5.80770    1.86090    
278.25000    24.79410    1.97540    6.96680    1.56080    
278.75000    25.11270    2.25780    8.12480    2.25780    
279.25000    25.55220    2.54560    8.77250    1.52940    
279.75000    26.34130    2.22720    9.59030    2.14090    
280.25000    27.11710    2.70920    10.06450    1.57860    
280.75000    27.61550    3.03410    10.50710    2.34870    
281.25000    28.33200    4.11390    10.65430    2.09660    
281.75000    29.15290    3.47470    10.97000    2.14320    
282.25000    29.33210    2.86040    11.06180    2.27180    
282.75000    30.62310    2.84840    11.51140    2.84560    
283.25000    31.02590    3.71000    11.30190    2.94670    
283.75000    31.77100    3.02140    11.14520    2.15870    
284.25000    31.98560    4.46130    11.18790    2.97000    
284.75000    32.24820    4.63930    11.09600    3.28320    
285.25000    32.56390    4.48900    11.03500    3.12670    
285.75000    33.14470    3.67630    10.95840    3.17760    
286.25000    33.69500    3.80360    10.99690    3.72650    
286.75000    33.55690    4.12880    10.53250    3.10770    
287.25000    33.99660    5.39920    10.49310    4.11890    
287.75000    34.22000    4.59100    10.01680    3.96810    
288.25000    34.96020    3.92530    10.35940    3.32780    
288.75000    34.71890    4.74060    10.64710    5.37710    
289.25000    35.09880    4.54290    10.05150    3.79140    
289.75000    35.35680    4.69930    10.27380    4.51740    
290.25000    35.82490    3.37820    9.68980    4.62480    
290.75000    35.35750    3.45270    9.38100    4.19020    
291.25000    36.30520    5.60840    8.86790    5.07430    
291.75000    36.15320    4.27020    9.08300    4.30650    
292.25000    35.72390    6.68040    9.10310    4.16720    
292.75000    36.28700    5.91050    8.40850    4.64160    
293.25000    35.86970    6.30750    7.66340    3.53960    
293.75000    36.11630    4.06410    8.00450    4.83570    
294.25000    36.94170    4.62820    7.77980    5.21630    
294.75000    36.14450    5.71400    7.55580    4.32410    
295.25000    36.18900    5.62800    7.72370    4.11240    
295.75000    36.62450    4.11820    7.20250    3.09790    
296.25000    36.57180    5.71490    7.25450    5.10850    
296.75000    36.68950    4.50070    6.96050    5.65510    
297.25000    36.74330    3.10650    6.73870    5.31230    
297.75000    37.08120    4.68680    7.24400    6.57070    
298.25000    36.47310    4.17140    6.50470    3.97110    
298.75000    37.09540    5.09610    6.17240    5.15930    
299.25000    36.74870    3.72980    6.10320    4.26380    
299.75000    36.76400    2.81830    5.86800    4.35100    
300.25000    37.21370    4.62610    6.28000    6.17980    
300.75000    37.15450    4.12940    5.73610    5.06790    
301.25000    37.17940    4.77340    5.54730    4.21970    
301.75000    36.54410    4.39150    5.68350    5.10280    
302.25000    37.04470    4.54430    5.06060    4.11550    
302.75000    36.91120    4.71380    5.10990    3.60250    
303.25000    36.53210    5.63970    4.78750    3.71300    
303.75000    37.11370    4.40260    4.48360    3.90950    
304.25000    36.71870    4.90850    4.56680    5.24220    
304.75000    36.78160    3.42980    4.43070    4.44860    
305.25000    36.65170    2.99350    4.45970    4.47360    
305.75000    36.74860    3.89780    4.74980    5.08690    
306.25000    36.47590    5.74050    4.50330    5.03660    
306.75000    36.69410    4.13310    4.15810    3.68080    
307.25000    36.29840    3.71060    3.92240    3.74810    
307.75000    36.45400    3.95870    3.64720    3.57890    
308.25000    36.64840    3.83760    3.67610    2.44020    
308.75000    36.41240    4.07020    3.59760    3.20330    
309.25000    36.07850    5.12160    3.55970    3.25000    
309.75000    36.22920    2.54090    3.83380    3.46070    
310.25000    36.10710    3.29460    3.69200    2.85540    
310.75000    36.11880    2.38860    3.44800    2.43470    
311.25000    36.02840    3.00390    3.10890    1.57510    
311.75000    36.04110    3.70620    3.36150    2.27780    
312.25000    35.86490    4.93600    2.88490    1.64040    
312.75000    35.49810    3.56330    3.21020    3.98600    
313.25000    35.57350    2.32300    3.10750    2.03070    
313.75000    35.87170    2.02010    2.95790    1.84380    
314.25000    35.42840    4.52460    2.83330    1.80360    
314.75000    35.41300    2.59710    2.76700    1.35940    
315.25000    35.09850    3.70760    2.83780    1.55100    
315.75000    35.12770    2.49830    2.59820    1.07030    
316.25000    35.04670    2.15740    2.46420    1.06080    
316.75000    34.75080    1.64890    2.70090    1.59120    
317.25000    34.99350    1.40870    2.61080    2.11890    
317.75000    34.36560    1.56570    2.52080    0.69990    
318.25000    34.70730    1.87640    2.50630    1.49050    
318.75000    34.42470    1.87260    2.46290    0.54350    
319.25000    34.16890    2.04990    2.32030    1.18780    
319.75000    33.93870    1.85380    2.46920    0.53810    
320.25000    34.03930    1.55160    2.71050    1.61520    
320.75000    33.86070    1.21600    2.39600    1.44790    
321.25000    33.20400    2.44000    2.38140    0.62880    
321.75000    33.35000    1.34470    2.17490    0.46300    
322.25000    33.07010    1.09720    2.28460    0.62510    
322.75000    32.96540    1.00740    2.40170    0.93110    
323.25000    32.59200    1.27430    2.27100    0.75550    
323.75000    32.29160    0.97880    2.32740    0.99820    
324.25000    31.58540    1.93510    2.35380    0.59890    
324.75000    31.51250    1.45310    2.44700    1.07680    
325.25000    30.88750    1.00970    2.50190    1.58350    
325.75000    30.36720    1.06920    2.45260    0.99300    
326.25000    29.73620    1.39330    2.49260    0.52660    
326.75000    29.19180    1.40660    2.52710    0.72100    
327.25000    28.46240    1.06750    2.73310    0.48730    
327.75000    27.50440    1.32750    3.39960    1.06090    
328.25000    26.49720    1.56330    4.11590    1.93850    
328.75000    25.80340    1.38880    4.99990    1.76550    
329.25000    25.09460    2.09210    6.07700    2.64270    
329.75000    24.95210    2.86710    7.18520    1.77760    
330.25000    25.07140    2.95080    7.91580    1.18630    
330.75000    25.83580    4.01070    8.54240    1.38650    
331.25000    26.54290    1.86060    9.67430    2.46050    
331.75000    27.42200    1.92510    10.02540    1.88270    
332.25000    27.86950    2.96050    10.44130    1.57130    
332.75000    28.50970    3.75020    10.85560    1.93930    
333.25000    29.14800    3.72170    10.96180    2.79030    
333.75000    30.09480    4.20940    10.92320    2.43910    
334.25000    30.30340    4.51710    11.15940    2.36210    
334.75000    30.99140    4.30030    11.24830    3.50490    
335.25000    31.38770    5.19630    11.09500    3.31620    
335.75000    31.78440    4.99590    11.13650    3.75360    
336.25000    32.85650    4.35350    10.90510    3.46510    
336.75000    32.86040    4.83690    10.79810    3.77930    
337.25000    33.36600    4.02220    10.88980    2.73510    
337.75000    33.70710    5.04990    10.81950    2.97240    
338.25000    33.62090    5.15070    10.45860    3.23350    
338.75000    33.50320    4.18370    10.20190    5.57640    
339.25000    34.15530    5.42570    9.85800    3.28340    
339.75000    34.88860    4.18060    9.45580    2.55020    
340.25000    34.45810    5.22440    10.01550    3.88400    
340.75000    35.48610    5.52810    9.83510    3.54090    
341.25000    35.05700    3.98920    9.64100    4.65570    
341.75000    35.19430    6.03360    9.16560    3.97780    
342.25000    36.19040    4.53560    8.74030    2.97660    
342.75000    35.67760    4.33980    8.79540    4.85130    
343.25000    36.22950    4.02560    8.31610    4.08220    
343.75000    36.71450    4.31000    8.49150    3.09820    
344.25000    36.36340    4.36010    8.47040    4.98490    
344.75000    36.46750    3.71230    7.83490    3.95180    
345.25000    36.44940    5.22630    7.80150    4.74410    
345.75000    36.53500    4.62720    6.94030    4.01090    
346.25000    36.62430    5.73940    7.32370    5.66400    
346.75000    36.66770    7.25800    7.03330    4.57170    
347.25000    36.38280    4.03590    7.43940    4.82830    
347.75000    36.69010    5.60240    7.19170    4.76100    
348.25000    36.85790    4.95860    7.35730    4.53240    
348.75000    36.51340    5.47270    6.60110    3.98450    
349.25000    36.45210    5.41470    6.33460    4.48830    
349.75000    36.46540    7.61430    6.79130    4.49980    
350.25000    36.50370    8.19730    6.39730    4.34700    
350.75000    36.62290    6.05640    6.33470    4.20390    
351.25000    37.10000    4.99510    6.33160    4.85760    
351.75000    36.94030    4.69930    5.33760    3.54620    
352.25000    37.11500    3.92710    5.58170    5.00100    
352.75000    36.61100    4.86160    5.43770    5.01170    
353.25000    36.96660    4.90800    5.31770    5.00020    
353.75000    37.31920    4.96290    5.27180    4.68110    
354.25000    36.72440    5.28960    5.25280    4.79830    
354.75000    36.55080    4.57390    4.92720    3.76420    
355.25000    36.82280    4.63660    4.48270    4.13740    
355.75000    36.02640    6.90120    4.63970    3.21500    
356.25000    37.02880    2.60900    4.31950    3.70820    
356.75000    36.02480    4.55920    4.62270    3.47050    
357.25000    36.03410    4.16290    4.44880    3.49920    
357.75000    36.51830    4.14240    4.32530    3.54190    
358.25000    36.84200    3.23340    3.88500    2.67730    
358.75000    36.46930    3.59330    3.78380    2.10480    
359.25000    36.43840    3.16850    3.73360    3.80570    
359.75000    36.17470    3.18830    4.10690    3.38420    
