TITLE:  An Experimental Investigation of the Flow through an Axial-Flow Pump
AUTHORS:  Zierke, Straka, and Taylor
JOURNAL PAPER FIGURE(S):  NA
PSU/ARL TR 93-12 FIGURE(S):  42e  
*****************************************************************************
DATA TITLE:   2-Component LDV Measurements of Unsteady Potential Flow Effect  
              at 76.2% Span, 2.3% Chord Upstream of Rotor Blade Leading Edge
MEASUREMENT TYPE:  2-component Laser Doppler Velocimetry
MEASUREMENT LOCATION:  76.2% span, 2.3% local rotor chord axially upstream
                       rotor blade leading edge
NOMINAL CONDITIONS:  
  vinf = 35.0 ft/sec
  pref = 43.2 psia
  rho  = 1.932 slugs/ft^3
  rotor rpm  = 260
  rotor tip speed, Utip = 47.6 ft/sec
  volumetric flow coefficient = 1.36
  rotor chord = variable with span 
                (10.49 in. @ tip, 11.22 in. @ hub, 10.72 in. @ 76.2% span)
  rotor span  = 10.50 inches
DATA COLUMNS:
  1 -- Location of measurement volume in degrees 
  2 -- mean axial velocity component in measurement volume, Vz, [ft/sec]
  3 -- sample variance of axial velocity component, [ft/sec]^2
  4 -- mean axial tangential component in measurement volume, Vt, [ft/sec]
  5 -- sample variance of tangential velocity component, [ft/sec]^2
*****************************************************************************
0.25000    35.80290    5.56030    3.53240    3.27950    
0.75000    36.27920    4.11390    3.38670    3.44180    
1.25000    35.88460    3.87180    3.06610    2.60500    
1.75000    35.78690    4.31190    2.96390    3.07870    
2.25000    35.59220    6.67500    3.03580    3.14840    
2.75000    35.19480    6.17030    3.01810    3.93760    
3.25000    35.47580    5.26400    2.73880    2.32020    
3.75000    36.05360    3.92340    2.53470    1.66780    
4.25000    35.86310    3.38680    3.23990    3.25850    
4.75000    35.69190    2.79500    2.78740    1.82550    
5.25000    35.97780    2.48650    2.57170    1.49830    
5.75000    35.71570    2.11500    2.60940    1.55740    
6.25000    35.37280    2.30220    2.86700    1.91380    
6.75000    35.11800    4.01980    2.48570    1.99750    
7.25000    35.01170    2.76010    2.69040    2.20200    
7.75000    34.73220    2.88730    2.55250    1.98940    
8.25000    35.04400    1.24950    2.69240    1.91520    
8.75000    34.68590    3.48110    2.60170    2.34180    
9.25000    34.71960    2.56130    2.58540    2.67000    
9.75000    34.29060    2.16370    2.40680    1.88930    
10.25000    34.37490    1.35720    2.19470    0.96000    
10.75000    34.22610    1.71180    2.32780    0.94390    
11.25000    34.20500    1.45800    2.03490    0.70420    
11.75000    33.73370    2.55550    2.04650    1.43270    
12.25000    33.71190    1.55960    2.06900    0.90930    
12.75000    33.51520    1.80960    1.86350    0.91550    
13.25000    33.27190    1.73050    1.99220    1.40170    
13.75000    33.22640    1.60690    2.07950    1.71320    
14.25000    32.75440    1.16160    2.03520    1.47360    
14.75000    32.86440    0.99260    1.84590    1.41860    
15.25000    31.99670    2.59790    1.74220    1.60740    
15.75000    31.67630    1.14750    1.64090    0.67740    
16.25000    31.25040    1.81970    1.79690    0.88100    
16.75000    30.69040    1.88300    1.76420    1.02120    
17.25000    30.31650    1.44490    1.69280    1.67950    
17.75000    29.55610    1.18420    1.54040    1.04030    
18.25000    28.88610    1.25820    1.35820    1.09510    
18.75000    27.63010    2.09020    1.64160    1.69890    
19.25000    26.19910    1.60410    1.63200    1.29000    
19.75000    23.94890    2.30480    1.83010    0.89820    
20.25000    21.61420    1.87330    3.22950    1.50770    
20.75000    19.99250    2.66050    4.98260    1.53980    
21.25000    19.79350    1.97700    7.24650    2.32750    
21.75000    21.03190    4.75090    9.57880    1.41890    
22.25000    22.34880    3.66400    10.48360    1.37950    
22.75000    24.14520    4.19520    11.41660    1.97020    
23.25000    25.44760    3.39070    12.09050    2.22370    
23.75000    26.48770    4.08960    12.31390    1.66920    
24.25000    27.93100    4.10310    12.32170    2.28010    
24.75000    28.26680    4.53310    13.01380    3.32690    
25.25000    29.22840    4.80890    12.42270    2.91160    
25.75000    29.95110    4.61530    12.46500    2.52820    
26.25000    30.27580    4.50610    12.29150    3.02330    
26.75000    31.77580    4.38730    12.16100    2.92910    
27.25000    31.68430    4.89230    12.14950    3.10120    
27.75000    32.60600    4.35840    11.65130    2.99310    
28.25000    33.23500    4.14210    11.30190    2.65790    
28.75000    33.32340    4.74160    11.43970    3.81770    
29.25000    33.32900    4.69860    11.23730    3.59840    
29.75000    33.19190    4.91020    10.92200    4.83320    
30.25000    34.17130    4.93220    10.69250    3.11320    
30.75000    33.99540    4.77910    10.38210    4.70010    
31.25000    34.35490    6.07930    10.81540    4.49560    
31.75000    35.02740    4.01460    10.45040    4.27240    
32.25000    34.98060    4.65700    10.08340    4.58540    
32.75000    35.73660    4.24570    9.79640    3.83220    
33.25000    35.45570    5.74230    9.56300    4.45970    
33.75000    35.87200    5.33080    9.25550    4.90000    
34.25000    35.42650    4.93820    9.53410    4.70530    
34.75000    35.81950    5.51690    8.82600    3.92040    
35.25000    36.54240    5.81350    8.81800    5.17410    
35.75000    35.89760    7.14430    8.30510    4.21760    
36.25000    36.03580    5.79900    8.53560    5.05140    
36.75000    35.87290    4.39050    8.41590    5.22970    
37.25000    36.36410    6.40810    8.32140    4.21810    
37.75000    36.30230    5.37690    8.02670    4.54590    
38.25000    36.32140    5.01950    7.36150    4.31510    
38.75000    36.97900    3.99140    7.09200    3.79760    
39.25000    36.97410    4.00030    7.36330    5.83170    
39.75000    37.27280    4.56080    6.87640    5.50700    
40.25000    36.94240    5.23000    6.68970    4.44540    
40.75000    36.30910    8.13250    6.20550    4.14060    
41.25000    36.56460    5.02120    6.53800    4.77340    
41.75000    36.99780    3.35600    6.38640    4.67160    
42.25000    36.45870    5.07250    5.83000    3.70200    
42.75000    36.73880    5.73100    6.09260    4.30430    
43.25000    36.98050    6.66440    5.63920    5.35710    
43.75000    36.64130    6.14680    5.73750    4.78330    
44.25000    36.81410    8.09440    5.41860    4.75670    
44.75000    36.65780    5.40590    5.64600    4.92180    
45.25000    36.34010    5.74540    5.12430    6.00840    
45.75000    36.80700    4.35700    4.79860    4.20350    
46.25000    36.69500    4.52250    5.11590    3.34270    
46.75000    36.81300    4.68880    4.65970    3.68310    
47.25000    36.84430    5.09080    4.65510    4.00030    
47.75000    36.82780    4.49350    4.21600    3.71570    
48.25000    36.67020    3.05690    4.24170    3.70490    
48.75000    35.86820    4.07890    4.15790    2.56750    
49.25000    36.24580    5.02720    4.37150    3.71130    
49.75000    36.36820    4.43560    3.55720    2.80650    
50.25000    36.41960    3.28860    3.39130    3.46700    
50.75000    36.57230    3.43280    3.85050    2.64040    
51.25000    35.84580    5.29770    3.24820    2.09270    
51.75000    36.25970    4.24010    3.72600    3.42300    
52.25000    36.13170    5.30210    3.26160    2.62990    
52.75000    36.35320    4.52440    3.68980    2.75470    
53.25000    36.32300    3.37410    2.85320    2.30730    
53.75000    35.72340    3.56010    2.98560    2.20400    
54.25000    35.95600    2.10680    2.81630    2.91940    
54.75000    35.90620    3.38530    2.95820    1.73370    
55.25000    36.12830    2.33780    2.65290    2.13500    
55.75000    35.48260    2.25090    2.80440    2.54140    
56.25000    35.49650    3.41570    2.75220    2.69370    
56.75000    34.90650    3.23420    2.85600    2.03890    
57.25000    35.26830    2.56550    3.24210    3.58950    
57.75000    35.40140    2.72570    2.79260    1.98810    
58.25000    35.14050    2.67370    2.69290    3.13830    
58.75000    35.21310    2.26010    2.49110    1.13500    
59.25000    35.06470    2.04900    2.36680    1.18690    
59.75000    35.21590    1.42830    2.45560    2.22370    
60.25000    34.56340    2.48040    2.24680    1.08080    
60.75000    34.59420    2.25150    2.15100    1.50560    
61.25000    34.37770    2.24800    2.20020    0.89700    
61.75000    34.23550    2.14490    2.16950    1.14820    
62.25000    34.04910    2.16830    2.11840    2.10560    
62.75000    34.11280    1.65770    2.00690    1.19380    
63.25000    34.00330    1.51830    1.85340    0.60970    
63.75000    33.64540    1.93400    1.93560    1.18970    
64.25000    33.64100    1.33600    1.92090    0.91800    
64.75000    33.44630    1.28900    1.96070    1.67350    
65.25000    33.06660    2.17880    2.16100    1.42430    
65.75000    32.60510    1.59050    2.00170    1.89700    
66.25000    32.47290    1.41120    1.74520    1.22760    
66.75000    32.16580    2.03610    1.65180    0.90210    
67.25000    31.83700    1.45350    1.73010    0.67670    
67.75000    31.26520    1.80970    1.57610    0.68480    
68.25000    30.95240    1.21200    1.83090    1.71990    
68.75000    30.52230    1.25190    1.35450    0.59770    
69.25000    29.72780    1.00010    1.38710    0.49310    
69.75000    29.09710    1.11110    1.29630    0.52660    
70.25000    27.58640    1.65890    1.40590    0.74670    
70.75000    25.88680    1.97620    1.48220    0.52650    
71.25000    23.97100    2.51400    1.98260    1.24920    
71.75000    21.27070    2.22910    2.96910    0.94310    
72.25000    19.38520    2.12310    4.81800    1.61950    
72.75000    19.49340    2.31300    7.74850    2.22100    
73.25000    20.63550    3.02920    9.71370    1.84060    
73.75000    22.53070    3.17560    11.07370    1.98950    
74.25000    24.03880    4.00470    11.66580    2.02010    
74.75000    25.45080    3.05490    12.25400    2.55600    
75.25000    26.88710    2.41990    12.34680    2.31440    
75.75000    27.99480    4.10070    12.78240    2.75200    
76.25000    28.36210    3.88070    12.15900    2.04640    
76.75000    29.06620    4.86830    12.33950    2.87880    
77.25000    30.61880    3.97640    12.05050    2.07940    
77.75000    30.79260    4.56130    11.90320    2.43630    
78.25000    31.29990    4.89410    12.25920    3.27840    
78.75000    31.86070    4.38480    11.78080    2.95770    
79.25000    32.68960    3.91510    11.60130    2.65570    
79.75000    33.19880    4.56460    11.80350    3.40220    
80.25000    33.29940    4.87440    11.01030    2.86700    
80.75000    33.76870    4.99410    10.52110    2.72550    
81.25000    34.23550    3.60600    10.61520    3.66240    
81.75000    33.61560    2.79930    10.76470    3.61190    
82.25000    34.22410    4.64890    10.52770    3.19380    
82.75000    33.97690    5.58110    10.11530    3.71450    
83.25000    35.29380    3.59000    10.06910    3.49790    
83.75000    35.55220    4.56870    9.88110    4.13070    
84.25000    34.91780    4.95840    9.68310    4.64520    
84.75000    35.44630    4.92980    9.42750    4.21160    
85.25000    35.47230    5.73840    9.53300    5.53670    
85.75000    35.68540    6.53510    9.32170    4.71770    
86.25000    36.15740    4.86350    8.28860    3.95100    
86.75000    36.31510    4.00180    8.54740    3.69190    
87.25000    36.90950    4.01330    8.52130    4.88120    
87.75000    35.79980    5.68360    8.10670    5.02790    
88.25000    35.82970    5.11870    7.75390    4.42870    
88.75000    36.67790    4.93890    7.37280    4.89750    
89.25000    36.69520    5.76410    7.47630    3.21990    
89.75000    37.10510    5.29060    7.41700    3.81640    
90.25000    36.65290    4.36610    7.34030    4.71010    
90.75000    36.87360    5.30890    7.01320    5.41710    
91.25000    36.50730    4.26390    6.82400    4.03570    
91.75000    36.48130    5.39570    6.79520    5.45040    
92.25000    36.80380    4.83660    6.11440    5.56100    
92.75000    36.98890    3.53620    6.53790    4.70270    
93.25000    36.52540    5.40150    5.72860    3.46760    
93.75000    37.31400    4.17440    5.53040    3.88550    
94.25000    37.01490    4.79180    5.57490    4.28510    
94.75000    36.56660    5.95880    6.06700    3.62360    
95.25000    36.60540    4.02910    5.49930    5.63130    
95.75000    36.96270    6.06400    5.28010    4.35910    
96.25000    37.29420    3.75210    5.03280    3.81630    
96.75000    36.84800    3.97440    4.62220    4.46560    
97.25000    36.56440    4.27230    5.10870    4.55890    
97.75000    36.60600    3.56030    4.95940    5.95160    
98.25000    36.31360    4.03450    4.41010    3.43630    
98.75000    36.70730    4.83450    4.33670    4.30460    
99.25000    36.39200    3.57940    4.48130    3.92790    
99.75000    36.17960    4.50720    4.75850    4.58030    
100.25000    36.43560    4.14540    4.10980    3.67710    
100.75000    35.96740    5.36730    4.36500    4.94890    
101.25000    36.39760    2.81900    4.05480    4.02300    
101.75000    35.89810    5.21990    3.72580    3.73740    
102.25000    36.52430    3.88590    3.75770    3.33320    
102.75000    35.97580    4.11430    3.64390    3.16840    
103.25000    36.10230    3.13170    3.42850    4.04180    
103.75000    35.98410    2.05480    3.59460    3.30910    
104.25000    35.59880    3.60490    3.37720    3.31730    
104.75000    36.31880    2.37790    3.14950    2.32070    
105.25000    35.85040    3.43360    3.32880    2.76070    
105.75000    35.42850    4.78840    3.01440    2.06310    
106.25000    35.68880    3.13180    2.92160    2.87670    
106.75000    35.89330    3.58380    3.03360    2.39010    
107.25000    35.58620    2.73700    2.69760    2.40760    
107.75000    35.53900    1.96920    2.99470    2.35770    
108.25000    35.51610    2.42800    2.72490    2.22160    
108.75000    34.95980    4.47420    2.47130    1.26120    
109.25000    35.05420    1.47280    2.67000    1.61120    
109.75000    34.80370    2.64900    2.72070    2.47370    
110.25000    35.02740    1.94680    2.57490    2.00910    
110.75000    34.64500    2.77180    2.58370    1.82000    
111.25000    34.68480    2.10240    2.60800    1.39750    
111.75000    34.57510    1.73160    2.75460    2.63270    
112.25000    34.64840    1.41180    2.34420    1.13120    
112.75000    34.23750    1.70640    2.05410    1.54300    
113.25000    33.76440    2.25430    2.30960    1.34980    
113.75000    33.48740    2.57000    2.22400    1.25480    
114.25000    33.67920    1.74230    2.24150    1.51140    
114.75000    33.60520    1.20860    2.13940    0.63120    
115.25000    33.03410    1.70070    2.11470    1.40970    
115.75000    32.89320    1.93890    2.15380    1.34170    
116.25000    32.73460    2.25110    2.07210    1.07010    
116.75000    32.49840    2.00380    1.69620    0.71910    
117.25000    32.00650    2.23480    1.89640    0.91380    
117.75000    31.93340    0.98940    1.77860    0.72540    
118.25000    31.67870    1.35560    1.77870    0.82230    
118.75000    31.43810    1.65500    1.71310    1.01570    
119.25000    30.46440    1.79200    1.76690    0.93800    
119.75000    30.18780    1.22310    1.57680    0.73630    
120.25000    29.32940    2.02170    1.95740    1.71320    
120.75000    28.85020    1.51370    1.74130    1.69590    
121.25000    27.72980    1.87850    1.73150    0.49860    
121.75000    26.58910    2.71400    1.96690    1.53210    
122.25000    24.58260    1.55200    2.18130    1.07440    
122.75000    22.15990    2.78880    3.10770    2.71700    
123.25000    19.78760    3.45920    4.31260    2.74390    
123.75000    18.66680    3.72230    6.18280    2.28440    
124.25000    18.64890    3.50780    8.69450    1.85900    
124.75000    20.62280    3.74530    10.52080    1.99130    
125.25000    22.26670    3.57960    12.03880    1.38450    
125.75000    24.50760    3.67430    12.94620    1.91840    
126.25000    25.46430    4.84580    13.37180    2.56560    
126.75000    26.63590    4.26810    12.55330    1.53200    
127.25000    27.48520    3.04440    13.42180    2.44510    
127.75000    28.93320    4.45430    13.48870    2.77900    
128.25000    29.63730    4.27810    13.04780    2.10740    
128.75000    30.26060    3.07460    13.15350    3.77300    
129.25000    31.28300    4.51100    12.71470    3.83760    
129.75000    31.67830    3.52170    12.88810    2.89060    
130.25000    32.14050    4.01390    12.47960    4.10810    
130.75000    32.78160    4.89460    12.06440    3.21550    
131.25000    32.59210    3.60830    11.94370    2.71030    
131.75000    34.11600    3.32470    11.93210    3.57760    
132.25000    34.06530    3.32780    11.71390    3.45850    
132.75000    34.28180    4.96270    11.64050    4.39470    
133.25000    34.74220    3.50570    11.04930    3.08060    
133.75000    34.75230    5.21830    10.76540    3.27670    
134.25000    34.98910    5.04490    10.65610    3.97140    
134.75000    34.84490    5.52470    10.68430    3.87840    
135.25000    35.48870    3.96870    10.40970    3.14890    
135.75000    35.92080    5.74080    9.92020    4.30160    
136.25000    35.89580    4.37420    9.37390    4.68230    
136.75000    35.51250    5.61800    9.51860    4.36010    
137.25000    36.36080    3.90950    9.26620    4.03950    
137.75000    35.90270    4.54020    8.80120    5.51610    
138.25000    36.31710    4.39860    8.63120    4.22290    
138.75000    37.32440    3.36570    8.49920    4.45020    
139.25000    36.48800    4.61900    8.27860    4.44200    
139.75000    36.53090    4.54290    8.48660    6.01710    
140.25000    36.93610    4.21140    7.67100    5.09270    
140.75000    36.65730    5.12570    8.03160    4.28310    
141.25000    36.41860    5.84090    7.60330    4.47430    
141.75000    36.47550    3.00380    7.71900    5.91700    
142.25000    37.30870    4.04440    6.98730    5.85330    
142.75000    37.43130    5.27620    6.98540    5.04440    
143.25000    36.99690    5.65830    6.87980    4.87790    
143.75000    36.75860    3.43660    6.73520    4.62320    
144.25000    37.09880    5.21060    6.33770    3.59220    
144.75000    36.82110    6.04180    5.76150    4.97820    
145.25000    37.33650    6.36380    5.70190    5.19290    
145.75000    37.06160    5.07900    5.91080    4.67420    
146.25000    36.55430    5.34720    6.12170    6.20910    
146.75000    36.90950    4.75080    5.94850    5.40650    
147.25000    36.43920    5.46240    5.45480    4.46100    
147.75000    36.44500    7.43490    5.29800    5.18970    
148.25000    37.21980    4.36550    4.59720    4.54750    
148.75000    36.92170    6.60850    4.62510    4.35680    
149.25000    36.52090    4.49260    4.95250    4.64860    
149.75000    36.69440    4.82550    4.68190    5.01110    
150.25000    37.07930    3.78760    4.04810    2.85680    
150.75000    36.65550    5.04200    4.68440    4.34630    
151.25000    36.40920    5.16510    4.34540    4.65750    
151.75000    36.79370    3.71050    4.11650    3.69040    
152.25000    36.87880    3.31570    4.17700    4.24410    
152.75000    36.21750    4.21400    3.88380    3.73750    
153.25000    36.10130    5.02980    3.75660    2.50680    
153.75000    36.17470    4.51640    3.49930    3.17860    
154.25000    36.00350    4.79960    3.52760    3.67250    
154.75000    36.29140    4.03620    3.24850    3.17710    
155.25000    36.09440    3.97770    3.29070    1.92390    
155.75000    36.11450    3.36500    3.24240    2.85870    
156.25000    36.08290    3.44060    3.53670    3.47320    
156.75000    35.93360    4.27150    3.14050    2.71980    
157.25000    36.24770    3.23740    3.04720    2.79850    
157.75000    35.85660    3.71050    3.16740    1.93000    
158.25000    36.06250    3.42440    2.94000    2.40030    
158.75000    35.33600    4.41240    2.93090    2.07610    
159.25000    35.83430    2.53760    3.05670    2.47950    
159.75000    35.39020    3.26760    3.01410    3.44120    
160.25000    35.37780    2.52110    2.77840    2.17080    
160.75000    34.99050    3.11400    2.72280    2.56410    
161.25000    35.23500    2.69740    2.57770    2.27940    
161.75000    35.01220    2.44370    2.44840    1.89710    
162.25000    35.03690    2.08990    2.56430    1.55720    
162.75000    35.21810    2.17780    2.52910    2.14790    
163.25000    34.74610    2.47380    2.54740    1.89420    
163.75000    34.65140    2.35010    2.35000    1.28770    
164.25000    34.30330    2.72640    2.03890    1.58990    
164.75000    34.32400    2.15370    2.28400    1.06240    
165.25000    34.30280    1.53830    2.08180    1.00760    
165.75000    33.99530    1.58640    2.16260    1.16250    
166.25000    33.96730    2.16640    2.22960    1.91210    
166.75000    33.83290    1.88520    1.98110    0.85830    
167.25000    33.51610    1.83100    2.09370    1.44600    
167.75000    33.45990    1.75980    2.06740    1.40620    
168.25000    32.83380    1.59430    2.02230    1.68780    
168.75000    32.50290    2.07870    1.87800    1.29280    
169.25000    32.57870    1.18650    1.72740    0.92180    
169.75000    32.16280    0.88510    1.70980    0.85160    
170.25000    31.52830    1.82720    1.75930    1.14010    
170.75000    31.09340    1.24080    1.48550    0.68890    
171.25000    30.57970    1.95900    1.84580    1.61920    
171.75000    30.08320    1.18960    1.66890    0.97470    
172.25000    28.96280    1.17230    1.57670    1.10740    
172.75000    28.26680    1.07070    1.55710    0.90460    
173.25000    26.91530    1.25280    1.55410    1.00830    
173.75000    25.11300    2.09710    1.88600    0.69680    
174.25000    23.11980    1.96200    2.73340    1.69450    
174.75000    20.80400    1.95240    3.64480    0.75310    
175.25000    19.72620    1.96450    5.99250    1.58090    
175.75000    19.87330    2.51370    8.36280    1.74960    
176.25000    21.37000    3.32370    10.16750    1.62610    
176.75000    23.13170    3.95810    11.43460    1.84840    
177.25000    25.01460    4.31030    11.85190    1.60610    
177.75000    26.01270    3.97740    12.21560    2.14430    
178.25000    27.63490    2.69390    12.68040    2.08990    
178.75000    28.49810    3.02930    12.85560    2.29960    
179.25000    29.03590    4.30300    12.62220    2.85020    
179.75000    30.19790    3.00040    12.89650    2.69890    
180.25000    30.55370    4.64260    12.67550    2.95640    
180.75000    31.68480    3.53970    12.32000    2.96480    
181.25000    31.91150    4.73300    12.40900    3.40110    
181.75000    32.88410    2.75640    12.03250    2.64340    
182.25000    32.78940    4.68320    12.12610    3.04190    
182.75000    33.43620    3.90730    11.60380    3.88670    
183.25000    33.51960    6.14890    11.62700    3.05380    
183.75000    33.62000    5.46450    11.59570    3.29910    
184.25000    34.28120    4.08360    11.13730    4.45360    
184.75000    34.84150    5.08820    10.35990    2.63470    
185.25000    34.83630    3.80790    10.51710    2.77350    
185.75000    35.41650    5.14320    10.49690    3.85700    
186.25000    35.48150    4.21140    10.18020    4.18840    
186.75000    35.88500    6.20710    10.06470    3.49140    
187.25000    35.95990    3.71610    9.59300    3.87950    
187.75000    36.36010    3.61400    9.92010    5.09640    
188.25000    35.76390    6.46490    9.69360    4.05280    
188.75000    36.27880    4.15810    9.35730    5.07470    
189.25000    36.44320    5.58350    9.46060    4.97410    
189.75000    36.93460    5.79530    8.59070    5.32760    
190.25000    36.46980    5.95310    8.18740    3.95390    
190.75000    37.26100    3.19180    8.46770    4.52990    
191.25000    36.23510    6.44130    8.46320    4.91590    
191.75000    36.96530    5.29580    8.09190    4.25380    
192.25000    37.17520    5.49830    7.46110    4.92930    
192.75000    36.62500    4.31940    7.70810    3.61200    
193.25000    36.86140    4.41950    7.62830    5.13980    
193.75000    37.41370    4.19930    7.49020    4.83500    
194.25000    36.60780    5.32150    7.35010    4.13430    
194.75000    37.13180    6.10570    6.67030    4.67210    
195.25000    37.30300    4.77260    6.91290    5.66020    
195.75000    37.32130    5.84110    6.89550    4.90310    
196.25000    37.39050    4.29040    6.41380    5.09050    
196.75000    37.24050    4.94450    5.92520    4.04900    
197.25000    37.15420    5.58790    5.68640    4.12080    
197.75000    37.22390    5.12680    5.60310    5.29600    
198.25000    36.67000    6.42210    5.92500    4.18260    
198.75000    37.06780    3.58850    4.52780    4.48900    
199.25000    36.41360    3.80970    5.27990    3.07160    
199.75000    36.64080    6.45630    5.37070    5.23430    
200.25000    37.06030    5.58250    5.10730    4.38970    
200.75000    36.98440    4.96330    4.79220    5.36810    
201.25000    36.91920    4.60790    4.90400    4.46040    
201.75000    37.25040    5.20300    4.97240    4.53100    
202.25000    36.84610    4.53650    4.33180    3.75210    
202.75000    36.55720    3.99180    4.58810    3.45440    
203.25000    37.04210    4.01940    4.37790    5.69860    
203.75000    36.74920    4.58330    4.35420    3.45800    
204.25000    37.05520    8.04570    4.46360    3.86210    
204.75000    36.56630    4.08470    3.82070    3.41670    
205.25000    36.50660    5.23150    3.57450    2.65810    
205.75000    36.93790    3.34260    3.59960    2.99510    
206.25000    36.51930    3.36790    3.89310    3.94520    
206.75000    36.40960    2.65850    3.58020    3.22070    
207.25000    36.41230    2.84540    3.13000    3.09190    
207.75000    36.45180    3.10830    3.30010    2.51660    
208.25000    36.34650    3.48560    3.04000    3.47070    
208.75000    36.22770    3.04880    3.39980    3.49230    
209.25000    35.86570    4.20200    3.40560    3.11950    
209.75000    36.07810    4.84610    3.13880    2.73360    
210.25000    35.97620    2.72510    3.08920    2.47560    
210.75000    35.80570    3.37870    3.12730    3.02140    
211.25000    35.99640    3.18710    3.34670    3.80300    
211.75000    35.86310    3.01130    2.87250    2.37840    
212.25000    35.56330    2.72950    2.42150    1.68620    
212.75000    35.45200    4.89330    2.28780    1.27200    
213.25000    35.38820    3.15270    2.43880    1.65640    
213.75000    35.43760    2.22220    2.73640    2.52620    
214.25000    34.82450    3.00340    2.62230    1.21100    
214.75000    34.69430    2.15650    2.27680    1.31210    
215.25000    34.98300    2.21600    2.51130    2.17700    
215.75000    34.87690    1.50870    2.39650    2.33890    
216.25000    34.73960    1.88110    2.25910    1.76720    
216.75000    34.51460    2.23290    2.25700    1.25630    
217.25000    34.39690    1.76360    1.95500    0.85640    
217.75000    33.73140    2.20990    1.99960    1.31830    
218.25000    34.10460    1.57550    2.01320    0.81910    
218.75000    33.82190    1.63430    1.97050    1.06750    
219.25000    33.60440    2.44760    2.14100    1.50270    
219.75000    33.13770    1.73090    1.95210    1.49480    
220.25000    33.28600    1.59160    1.73830    1.44770    
220.75000    32.53340    2.51360    2.11810    2.29430    
221.25000    32.43110    1.56220    1.74570    1.69500    
221.75000    32.16220    1.23560    1.75970    0.81860    
222.25000    31.66240    1.49410    1.62820    1.07140    
222.75000    31.34440    1.55210    1.61200    1.09600    
223.25000    30.64550    1.24290    1.65830    1.83610    
223.75000    29.90730    1.53500    1.37560    1.33360    
224.25000    28.80200    1.43610    1.53690    2.08270    
224.75000    27.36240    1.58920    1.36050    0.60400    
225.25000    25.67850    2.29090    1.68660    1.01730    
225.75000    23.45700    1.39980    2.73230    1.51710    
226.25000    21.36280    1.38120    4.06790    2.22920    
226.75000    20.35380    1.50640    6.27150    1.82280    
227.25000    21.32190    2.29240    8.52030    2.23520    
227.75000    22.70390    2.65020    9.92960    1.79400    
228.25000    24.38380    2.56760    10.85590    1.92730    
228.75000    25.72920    2.83650    11.76490    1.94160    
229.25000    26.73320    3.86950    12.12300    2.43610    
229.75000    28.07150    3.20340    12.11900    2.36240    
230.25000    28.79960    2.83440    12.44380    1.83400    
230.75000    30.09280    2.75740    12.29460    2.50420    
231.25000    30.66090    3.74840    12.00320    2.13490    
231.75000    31.27310    3.71290    11.98230    2.32840    
232.25000    31.48720    4.79820    12.06740    3.06670    
232.75000    32.09810    4.11470    11.94350    3.29430    
233.25000    32.27100    4.35360    11.58630    2.97210    
233.75000    32.83800    3.95120    11.67410    3.36650    
234.25000    33.57190    4.03990    11.21590    2.80440    
234.75000    33.97630    4.94830    11.11280    4.09810    
235.25000    34.35880    3.94930    10.88860    3.91110    
235.75000    34.67550    5.59250    10.67090    4.19780    
236.25000    34.89580    3.70480    10.38510    3.22680    
236.75000    35.19430    4.35980    9.66340    2.23890    
237.25000    34.83010    4.83850    9.97970    3.86900    
237.75000    34.98300    4.99950    9.76660    3.51360    
238.25000    35.96520    3.98260    10.01710    3.34000    
238.75000    35.66450    4.55500    8.99860    3.80670    
239.25000    35.84710    6.89140    9.19030    4.54190    
239.75000    35.58240    6.92350    9.28200    5.22550    
240.25000    36.21830    5.48220    8.58300    4.61860    
240.75000    35.99530    4.79040    8.49660    4.14360    
241.25000    36.76790    3.83140    8.40310    5.30520    
241.75000    36.68670    4.75210    8.26200    5.10740    
242.25000    36.42490    3.53010    8.46410    5.15970    
242.75000    37.05650    5.97300    7.62730    4.62000    
243.25000    36.72200    5.32050    7.41820    2.96250    
243.75000    36.71290    4.92680    8.03760    4.45290    
244.25000    36.41460    5.24670    7.42990    6.01820    
244.75000    36.45620    6.54440    7.26220    4.76610    
245.25000    36.60160    6.10940    7.02160    5.47740    
245.75000    36.78690    5.33200    6.85260    4.87570    
246.25000    36.87920    5.07460    6.39690    4.69460    
246.75000    36.72700    6.50910    7.02780    5.01720    
247.25000    35.47560    6.44480    6.23630    4.24770    
247.75000    36.69600    3.67330    5.59550    3.20910    
248.25000    37.08360    3.50890    5.35700    4.50820    
248.75000    37.31550    4.60200    5.89370    5.77410    
249.25000    37.34830    5.67190    5.82720    5.33540    
249.75000    36.79100    5.22010    5.92850    4.83360    
250.25000    36.82770    5.18740    5.83500    4.54520    
250.75000    37.00690    4.82520    5.33290    4.47110    
251.25000    37.18200    4.45770    4.66570    3.70830    
251.75000    36.84840    4.78460    5.13110    4.57620    
252.25000    37.02890    5.51890    4.71000    4.45370    
252.75000    36.41880    4.87610    4.74690    3.35880    
253.25000    36.71920    4.59670    4.16380    3.50370    
253.75000    36.40930    6.49870    4.56800    4.08340    
254.25000    36.41830    3.52490    4.33000    3.69850    
254.75000    37.06160    5.42750    4.27900    3.28140    
255.25000    36.51500    5.15650    4.10580    3.95250    
255.75000    36.68690    3.09340    4.02290    3.23990    
256.25000    36.88610    2.68210    3.78930    3.52800    
256.75000    36.04790    4.79590    4.07150    4.67010    
257.25000    36.27860    4.33450    3.73170    2.57460    
257.75000    36.35250    4.10560    3.18300    2.38150    
258.25000    35.69820    4.34840    3.55730    3.17440    
258.75000    36.38830    3.70440    3.50160    3.64460    
259.25000    36.30490    2.67740    3.10160    2.39550    
259.75000    36.45540    1.55380    3.38040    1.81330    
260.25000    36.06550    3.04650    3.13100    2.35770    
260.75000    35.68670    3.26640    2.87170    3.09950    
261.25000    35.84270    2.49830    3.18690    3.73770    
261.75000    35.46790    2.90980    2.94830    2.77550    
262.25000    35.67590    3.00410    2.95130    2.36150    
262.75000    35.30420    3.00190    2.93450    2.03930    
263.25000    35.33150    2.58630    2.52270    2.24400    
263.75000    35.36130    2.62810    2.89110    3.17180    
264.25000    35.13630    2.13490    2.78960    2.10500    
264.75000    35.40100    1.92880    2.83330    2.55960    
265.25000    35.03220    2.54790    2.45630    1.62860    
265.75000    34.90640    1.61240    2.41800    1.20630    
266.25000    34.57550    2.15240    2.52330    2.37640    
266.75000    34.47570    2.57890    2.66170    1.64530    
267.25000    34.55200    1.30490    2.33760    1.53020    
267.75000    34.43270    0.96100    2.16220    0.65400    
268.25000    34.13200    1.47560    2.12590    0.69890    
268.75000    34.25010    1.70870    2.27410    1.57880    
269.25000    33.55900    2.16500    2.41430    1.41380    
269.75000    33.42210    1.78540    2.35430    1.43020    
270.25000    33.39300    1.61440    2.17570    0.94890    
270.75000    33.03380    1.64120    1.91740    0.62710    
271.25000    32.79550    1.95520    2.03230    0.82000    
271.75000    32.67660    1.30080    2.10880    1.28790    
272.25000    32.24030    1.77800    1.86620    0.81450    
272.75000    32.11660    1.25860    2.16100    1.41940    
273.25000    31.82960    1.21490    1.91100    1.37520    
273.75000    31.31030    1.07600    1.83750    0.95070    
274.25000    30.68020    2.04900    1.75870    0.88140    
274.75000    30.04320    1.21970    1.89610    1.93040    
275.25000    29.08470    1.44810    1.83830    1.09930    
275.75000    28.34780    1.68750    1.86650    1.29700    
276.25000    26.97750    1.17030    2.08580    0.94660    
276.75000    25.16700    1.62160    2.06700    0.45190    
277.25000    23.19320    1.58810    2.80590    0.73260    
277.75000    21.43910    1.60700    4.45150    1.54620    
278.25000    20.58480    1.68920    6.22810    1.95450    
278.75000    20.96040    2.01120    8.01120    1.21550    
279.25000    22.04920    3.37020    9.76630    1.06110    
279.75000    23.61450    3.63170    11.09170    1.95880    
280.25000    24.92700    4.71920    11.82650    2.40650    
280.75000    25.95160    5.19050    12.29690    2.68900    
281.25000    27.13050    4.11350    12.16390    2.00800    
281.75000    28.54390    4.21810    12.38390    2.42930    
282.25000    29.24730    3.51230    12.74930    3.25250    
282.75000    30.01870    3.90420    12.60090    2.86550    
283.25000    30.49670    3.90820    12.52810    2.89680    
283.75000    31.12720    5.11720    12.53260    3.25190    
284.25000    31.95360    4.87390    12.17970    2.35650    
284.75000    32.35290    3.81120    12.11350    3.94280    
285.25000    32.83480    4.05930    11.99430    3.33640    
285.75000    33.17590    4.69550    11.68870    2.99940    
286.25000    33.16720    5.09700    11.54730    3.38700    
286.75000    33.59310    5.26390    11.26280    4.17880    
287.25000    34.00420    4.18970    11.31070    3.71860    
287.75000    34.29520    3.54790    11.07450    3.65160    
288.25000    34.50580    4.04560    10.75330    3.85350    
288.75000    34.50490    4.77400    10.13500    4.03630    
289.25000    34.95940    5.67560    10.36190    5.41060    
289.75000    35.34950    4.51500    10.36640    5.35510    
290.25000    35.81960    5.20840    9.72990    4.54680    
290.75000    35.49370    4.70540    10.10850    3.38690    
291.25000    36.18600    3.90990    9.31920    4.84640    
291.75000    36.12360    4.92000    9.79540    4.41620    
292.25000    35.81140    4.86940    9.23530    4.67220    
292.75000    35.66950    4.76540    8.66870    4.99150    
293.25000    36.91900    3.93950    8.27150    5.72330    
293.75000    36.79050    4.42130    8.07840    4.05790    
294.25000    37.01020    3.94700    7.98980    5.09690    
294.75000    36.74610    4.67930    7.75330    4.75560    
295.25000    36.52910    4.45100    7.95900    5.36550    
295.75000    37.24290    3.77150    7.47240    5.34040    
296.25000    36.44590    5.49900    7.74490    4.73360    
296.75000    36.76290    7.59310    7.16960    4.54490    
297.25000    36.67780    5.63110    6.71170    4.78680    
297.75000    36.61090    5.95310    6.66210    5.66970    
298.25000    36.54670    5.80750    6.40350    5.86440    
298.75000    36.84840    6.03870    6.12670    4.41790    
299.25000    36.53170    5.14310    6.35600    4.29800    
299.75000    36.64640    5.86420    6.02610    5.82240    
300.25000    36.68420    4.77530    5.93660    5.80810    
300.75000    36.27220    4.43110    5.43160    3.47590    
301.25000    36.61350    5.87500    5.58180    3.94020    
301.75000    36.95800    4.44420    5.60330    4.40770    
302.25000    36.51310    3.95100    5.46290    4.37890    
302.75000    36.93000    5.06710    4.88350    4.06280    
303.25000    36.75930    5.50780    4.95000    4.17690    
303.75000    36.52370    6.64390    5.07010    4.50900    
304.25000    36.67560    6.76590    4.33100    4.71500    
304.75000    36.72810    4.95020    4.82630    5.42190    
305.25000    36.71230    4.77780    4.45200    5.77200    
305.75000    36.47380    3.82500    4.14210    3.35000    
306.25000    36.37530    6.91020    4.65060    4.36410    
306.75000    36.67720    4.09820    3.88800    3.33340    
307.25000    36.45690    5.19430    4.18070    5.30820    
307.75000    36.20540    4.93240    3.53690    2.60680    
308.25000    36.18890    5.28950    4.06140    4.56630    
308.75000    36.12380    3.35820    3.26550    3.59490    
309.25000    36.64390    3.33240    3.74390    3.55670    
309.75000    36.15820    2.58070    3.54350    4.03180    
310.25000    35.87950    3.68490    3.30130    2.93330    
310.75000    36.15270    4.32850    3.14470    2.16450    
311.25000    36.07350    2.80530    3.01890    2.95920    
311.75000    35.94740    3.18590    2.90470    2.70080    
312.25000    36.00980    2.47500    3.23600    3.05180    
312.75000    35.94350    1.85600    3.21820    2.76630    
313.25000    36.19080    2.00620    2.84310    1.94980    
313.75000    35.68800    2.75740    2.60230    1.83140    
314.25000    35.39650    3.37820    2.50450    1.58330    
314.75000    35.60280    2.39060    2.52870    1.62950    
315.25000    35.21660    3.09020    2.71390    2.94910    
315.75000    35.32080    2.22390    2.75040    2.58410    
316.25000    35.11730    2.86870    2.31330    1.51510    
316.75000    34.95710    3.19050    2.64110    1.40580    
317.25000    34.93340    2.49510    2.55680    1.51370    
317.75000    34.68240    2.02280    2.67360    2.24950    
318.25000    34.48890    2.59660    2.51530    1.32760    
318.75000    34.96140    1.06680    2.39880    1.28230    
319.25000    34.38300    1.75070    1.97860    0.99630    
319.75000    33.67940    2.93540    2.13540    0.62290    
320.25000    33.77330    1.94000    2.12030    1.66850    
320.75000    34.05550    1.15250    2.24860    1.22000    
321.25000    33.49230    1.39050    2.00730    1.36540    
321.75000    33.44770    2.26170    2.13650    2.25180    
322.25000    33.57120    1.12940    2.11710    1.78870    
322.75000    32.78820    2.14620    2.07820    1.56720    
323.25000    32.91980    1.62800    2.00140    1.41970    
323.75000    32.37850    1.50630    1.94020    1.25210    
324.25000    32.12470    1.64830    1.57530    0.88690    
324.75000    31.50010    1.77680    1.43280    0.22120    
325.25000    31.60570    1.09040    1.65900    0.79220    
325.75000    30.63080    1.83500    1.71020    0.64890    
326.25000    29.92670    1.40000    1.56590    1.28590    
326.75000    29.22250    1.32420    1.93880    1.45040    
327.25000    28.31630    1.67850    1.57880    0.67190    
327.75000    27.07960    1.51560    1.74170    1.25690    
328.25000    25.30430    1.89820    2.05360    1.07540    
328.75000    23.40210    3.26200    2.52580    0.49800    
329.25000    21.37070    1.62200    4.28060    1.75650    
329.75000    20.64390    1.68520    6.37580    2.26260    
330.25000    20.94570    2.74870    8.31760    1.67870    
330.75000    22.60870    3.01110    9.95220    1.42470    
331.25000    23.99490    3.12710    11.06130    2.76140    
331.75000    24.85500    3.72690    11.42710    1.67870    
332.25000    26.43450    4.80960    11.94760    1.81230    
332.75000    27.34560    5.12630    12.28770    2.95690    
333.25000    28.67730    3.40790    12.26310    1.94150    
333.75000    29.33640    3.28380    12.39660    2.59530    
334.25000    30.03510    4.85160    12.10750    2.56680    
334.75000    30.50710    4.47720    12.16570    3.32380    
335.25000    31.12500    4.93800    11.94970    2.77960    
335.75000    32.30240    3.64070    11.52030    2.67150    
336.25000    32.66800    3.80160    11.88110    3.34020    
336.75000    32.67980    4.17990    11.27930    2.80790    
337.25000    33.19210    5.69970    11.17760    3.94880    
337.75000    33.34430    4.41090    10.89180    3.33270    
338.25000    33.54330    5.25320    10.59650    3.25810    
338.75000    33.72550    6.78510    11.06760    3.93740    
339.25000    34.44070    4.77170    10.66630    3.51650    
339.75000    34.94850    6.02020    10.72160    4.45980    
340.25000    34.21130    5.89320    10.20360    3.21680    
340.75000    35.16770    3.93900    9.83950    3.13070    
341.25000    35.76610    4.70680    9.75630    3.97730    
341.75000    35.73300    4.53350    10.13920    4.36180    
342.25000    35.51200    3.81320    8.95800    5.12390    
342.75000    35.90250    5.17540    9.14170    3.81000    
343.25000    35.78880    3.82150    8.87770    3.64990    
343.75000    36.42190    3.51150    8.88110    4.61290    
344.25000    35.43380    3.86560    8.34710    4.99330    
344.75000    35.68360    4.59440    8.44520    4.41420    
345.25000    36.71760    4.31070    7.88940    5.32950    
345.75000    36.51610    5.70870    7.71860    4.59570    
346.25000    36.68630    5.57190    7.80040    4.39030    
346.75000    36.69870    4.99700    7.98540    5.40300    
347.25000    36.12070    4.87830    7.59440    5.58210    
347.75000    36.70700    5.86280    7.17400    3.35770    
348.25000    36.80270    3.92540    7.31760    4.32410    
348.75000    36.61300    4.82710    6.70610    4.97490    
349.25000    36.52150    5.88980    6.74020    4.64340    
349.75000    36.80570    3.73680    6.38040    3.48420    
350.25000    36.62300    4.12540    6.19450    4.99540    
350.75000    36.54390    5.29630    6.45710    4.44660    
351.25000    36.73750    4.75840    5.93350    3.66660    
351.75000    36.46010    5.25920    5.88240    3.49030    
352.25000    36.26290    5.88140    5.65320    3.82120    
352.75000    36.79810    3.85000    5.18740    5.23360    
353.25000    36.77340    8.22070    5.18430    3.82460    
353.75000    36.74840    3.53570    4.89160    5.16130    
354.25000    36.53210    5.34090    4.82520    4.04280    
354.75000    36.35300    5.38260    4.61820    3.41210    
355.25000    36.84880    3.75470    4.72600    3.52410    
355.75000    37.04130    4.39700    4.58950    4.88300    
356.25000    36.43170    4.32550    4.24180    4.28520    
356.75000    36.34980    3.39890    4.97280    5.02070    
357.25000    36.07230    4.65230    4.05190    3.99110    
357.75000    36.65290    3.90020    3.92830    4.27080    
358.25000    36.15460    6.42570    3.92850    4.04860    
358.75000    36.19120    5.91290    4.03810    4.97160    
359.25000    36.29230    4.87090    3.59940    3.72190    
359.75000    36.19140    2.95300    3.93100    4.67080    
