TITLE:  An Experimental Investigation of the Flow through an Axial-Flow Pump
AUTHORS:  Zierke, Straka, and Taylor
JOURNAL PAPER FIGURE(S):  NA
PSU/ARL TR 93-12 FIGURE(S):  28c
*****************************************************************************
DATA TITLE:  Circumferential Variation of Velocity and Pressure Downstream of 
             IGV Trailing Edge Measured with 5-Hole Probes (19.0% span)
MEASUREMENT TYPE:  5-hole probe wake rake survey
MEASUREMENT LOCATION:  49.7% IGV chord axially downstream of IGV trailing 
                       edge, at 19.0% span
NOMINAL CONDITIONS:  
  vinf = 35.0 ft/sec
  pref = 43.2 psia
  rho  = 1.932 slugs/ft^3
  rotor rpm  = 260
  Utip = 47.6 ft/sec
  IGV chord = 6.90 inches
  IGV span  = 10.50 inches
DATA COLUMNS:
  1 -- circumferential position in degrees
  2 -- nondimensional axial velocity, Vz / Utip,  [uncertainty: 0.02]
  3 -- nondimensional radial velocity, Vr / Utip,  [uncertainty: 0.02] 
  4 -- nondimensional tangential velocity, Vtheta / Utip,  [uncertainty: 0.02] 
  5 -- total pressure coefficient, Kpt = (ptot - pref) / (0.5 * rho * Utip^2)
  6 -- static pressure coefficient, Kpt = (psta - pref) / (0.5 * rho * Utip^2)
*****************************************************************************
0.00000    0.71138    0.02383    0.19125    0.55982    0.01662    
0.37268    0.71128    0.02592    0.19172    0.55935    0.01600    
0.74535    0.71110    0.02756    0.19300    0.56239    0.01871    
1.11801    0.71094    0.02932    0.19440    0.56024    0.01617    
1.49069    0.71127    0.03151    0.19444    0.55952    0.01481    
1.86336    0.71006    0.03335    0.19394    0.55978    0.01687    
2.23602    0.71079    0.03577    0.19676    0.56235    0.01713    
2.60870    0.71195    0.03807    0.19682    0.56291    0.01585    
2.98137    0.70610    0.03972    0.19627    0.55510    0.01642    
3.35403    0.70745    0.04114    0.19810    0.55690    0.01548    
3.72672    0.70785    0.04185    0.20052    0.55969    0.01668    
4.09938    0.70955    0.04223    0.19725    0.56054    0.01640    
4.47205    0.70825    0.04307    0.19921    0.55739    0.01422    
4.84473    0.70768    0.04059    0.20024    0.55665    0.01409    
5.21739    0.69931    0.03159    0.20215    0.53494    0.00405    
5.59007    0.68887    0.01870    0.20131    0.51257    -0.00285    
5.96274    0.67609    0.00282    0.19599    0.48216    -0.01336    
6.33540    0.67445    -0.01576    0.18905    0.47511    -0.01576    
6.70808    0.68426    -0.03851    0.18173    0.47955    -0.02317    
7.08075    0.69566    -0.05485    0.18489    0.49337    -0.02777    
7.45341    0.70780    -0.06092    0.18529    0.52128    -0.01774    
7.82610    0.71941    -0.06542    0.18670    0.53978    -0.01690    
8.19876    0.71711    -0.06461    0.18784    0.54431    -0.00940    
8.57143    0.72045    -0.05823    0.18842    0.55247    -0.00547    
8.94411    0.72315    -0.05362    0.18885    0.55876    -0.00272    
9.31677    0.71976    -0.05075    0.18926    0.55659    0.00015    
9.68944    0.72026    -0.04697    0.18813    0.55647    0.00010    
10.06212    0.71956    -0.04478    0.18830    0.55445    -0.00077    
10.43478    0.72136    -0.04307    0.18862    0.55851    0.00072    
10.80746    0.72365    -0.04157    0.18949    0.56132    0.00001    
11.18013    0.72052    -0.03838    0.18791    0.55372    -0.00221    
11.55280    0.71924    -0.03691    0.18757    0.55412    0.00027    
11.92548    0.72308    -0.03540    0.18928    0.56057    0.00065    
12.29814    0.72269    -0.03362    0.18865    0.55516    -0.00383    
12.67081    0.72146    -0.03148    0.18792    0.55423    -0.00258    
13.04349    0.71961    -0.03003    0.18758    0.55227    -0.00165    
13.41615    0.72352    -0.02867    0.18823    0.56108    0.00135    
13.78882    0.72079    -0.02675    0.18714    0.55629    0.00101    
14.16150    0.72199    -0.02482    0.18732    0.55223    -0.00474    
14.53416    0.72153    -0.02367    0.18682    0.55348    -0.00259    
14.90683    0.72006    -0.02248    0.18701    0.55617    0.00221    
15.27951    0.72382    -0.02089    0.18757    0.55842    -0.00111    
15.65218    0.72460    -0.01909    0.18755    0.56306    0.00248    
16.02484    0.72109    -0.01864    0.18715    0.55783    0.00249    
16.39752    0.72183    -0.01741    0.18756    0.55607    -0.00044    
16.77019    0.72211    -0.01583    0.18726    0.55716    0.00040    
17.14287    0.72168    -0.01509    0.18670    0.55521    -0.00070    
17.51553    0.72170    -0.01283    0.18696    0.55753    0.00155    
17.88820    0.72112    -0.01278    0.18704    0.55516    -0.00001    
18.26088    0.71982    -0.01060    0.18731    0.55612    0.00278    
18.63354    0.71947    -0.00970    0.18708    0.56056    0.00782    
19.00621    0.71927    -0.00850    0.18650    0.55727    0.00507    
19.37889    0.71763    -0.00740    0.18635    0.55542    0.00565    
19.75156    0.71788    -0.00630    0.18668    0.55763    0.00739    
20.12422    0.71994    -0.00502    0.18691    0.56143    0.00816    
20.49690    0.71711    -0.00394    0.18700    0.55437    0.00514    
20.86957    0.71666    -0.00282    0.18674    0.55655    0.00807    
21.24223    0.71800    -0.00139    0.18648    0.55911    0.00881    
21.61491    0.71981    -0.00064    0.18773    0.56265    0.00929    
21.98758    0.71627    0.00012    0.18619    0.55766    0.00995    
22.36024    0.71679    0.00140    0.18630    0.55831    0.00982    
22.73293    0.71368    0.00196    0.18598    0.55368    0.00975    
23.10559    0.71678    0.00299    0.18650    0.55980    0.01123    
23.47827    0.71588    0.00410    0.18636    0.55755    0.01033    
23.85094    0.71593    0.00512    0.18668    0.55723    0.00980    
24.22360    0.71454    0.00562    0.18695    0.55674    0.01118    
24.59628    0.71364    0.00675    0.18663    0.55880    0.01465    
24.96895    0.71554    0.00800    0.18744    0.56295    0.01576    
25.34161    0.71812    0.00922    0.18844    0.56408    0.01278    
25.71429    0.71504    0.01006    0.18774    0.56020    0.01357    
26.08696    0.71340    0.01170    0.18773    0.55358    0.00925    
26.45963    0.71357    0.01240    0.18825    0.55760    0.01283    
26.83231    0.71385    0.01412    0.18897    0.56049    0.01500    
27.20497    0.71059    0.01496    0.18865    0.55476    0.01401    
27.57764    0.71307    0.01645    0.18965    0.55992    0.01521    
27.95032    0.71352    0.01779    0.19041    0.56317    0.01749    
28.32298    0.71418    0.01909    0.19128    0.56300    0.01600    
28.69565    0.71177    0.02010    0.19142    0.56080    0.01714    
29.06833    0.71417    0.02161    0.19280    0.56399    0.01631    
29.44099    0.71064    0.02309    0.19250    0.55762    0.01502    
29.81367    0.71486    0.02464    0.19407    0.56222    0.01292    
30.18634    0.71277    0.02549    0.19443    0.56206    0.01556    
30.55901    0.71209    0.02690    0.19505    0.56100    0.01516    
30.93169    0.71008    0.02711    0.19508    0.56000    0.01699    
31.30435    0.71178    0.02722    0.19590    0.56006    0.01431    
31.67702    0.71014    0.02727    0.19546    0.55636    0.01311    
32.04970    0.71108    0.02630    0.19573    0.56240    0.01776    
32.42236    0.70996    0.02591    0.19542    0.55994    0.01704    
32.79503    0.70769    0.02381    0.19580    0.55062    0.01090    
33.16771    0.70061    0.01291    0.19685    0.53519    0.00541    
33.54037    0.69143    0.00230    0.19422    0.51258    -0.00322    
33.91304    0.67229    -0.00972    0.18797    0.47555    -0.01185    
34.28572    0.66574    -0.02453    0.18156    0.45930    -0.01747    
34.65839    0.67725    -0.04121    0.18151    0.46909    -0.02423    
35.03105    0.69240    -0.04770    0.18795    0.50153    -0.01548    
35.40373    0.70724    -0.04816    0.19385    0.52756    -0.01252    
35.77640    0.71835    -0.04852    0.19818    0.54658    -0.01107    
36.14908    0.72084    -0.04698    0.19899    0.55566    -0.00575    
36.52174    0.72037    -0.04333    0.19756    0.55580    -0.00403    
36.89441    0.71958    -0.04080    0.19605    0.55930    0.00141    
37.26709    0.71927    -0.03866    0.19450    0.55402    -0.00265    
37.63976    0.71995    -0.03743    0.19406    0.55848    0.00109    
38.01242    0.72261    -0.03566    0.19354    0.55479    -0.00610    
38.38510    0.72168    -0.03434    0.19312    0.55592    -0.00338    
38.75777    0.72344    -0.03251    0.19248    0.55969    -0.00178    
39.13043    0.72231    -0.03105    0.19211    0.55709    -0.00251    
39.50311    0.72279    -0.02912    0.19129    0.56089    0.00102    
39.87578    0.72347    -0.02766    0.19124    0.55470    -0.00604    
40.24844    0.72383    -0.02675    0.19105    0.55596    -0.00518    
40.62112    0.72267    -0.02586    0.19057    0.55463    -0.00460    
40.99379    0.72393    -0.02437    0.19055    0.56086    -0.00012    
41.36646    0.72455    -0.02271    0.19025    0.55825    -0.00343    
41.73914    0.72467    -0.02113    0.19014    0.55428    -0.00747    
42.11180    0.72483    -0.01967    0.19009    0.55969    -0.00220    
42.48448    0.72611    -0.01842    0.19023    0.55747    -0.00629    
42.85715    0.72357    -0.01691    0.18962    0.55748    -0.00231    
43.22981    0.72332    -0.01598    0.18960    0.55782    -0.00157    
43.60249    0.72211    -0.01439    0.18932    0.55580    -0.00169    
43.97516    0.72293    -0.01325    0.18949    0.55642    -0.00229    
44.34782    0.72376    -0.01228    0.18884    0.55760    -0.00204    
44.72050    0.72134    -0.01070    0.18874    0.55566    -0.00041    
45.09317    0.72202    -0.00973    0.18915    0.55810    0.00092    
45.46584    0.71987    -0.00883    0.18920    0.55681    0.00272    
45.83852    0.71773    -0.00821    0.18869    0.55910    0.00830    
46.21118    0.71913    -0.00696    0.18894    0.55835    0.00546    
46.58385    0.72077    -0.00590    0.19013    0.56171    0.00601    
46.95653    0.72115    -0.00536    0.19043    0.56323    0.00688    
47.32919    0.71827    -0.00417    0.18973    0.55915    0.00723    
47.70187    0.71960    -0.00323    0.19031    0.56039    0.00635    
48.07454    0.71962    -0.00202    0.19046    0.56067    0.00653    
48.44720    0.72252    -0.00098    0.19163    0.56385    0.00509    
48.81989    0.71910    -0.00013    0.19093    0.55934    0.00579    
49.19255    0.71914    0.00088    0.19100    0.56012    0.00648    
49.56522    0.71914    0.00188    0.19153    0.55975    0.00590    
49.93790    0.71940    0.00252    0.19238    0.56149    0.00694    
50.31056    0.71684    0.00359    0.19164    0.55779    0.00719    
50.68323    0.71805    0.00522    0.19246    0.56102    0.00836    
51.05591    0.71794    0.00652    0.19274    0.55957    0.00694    
51.42857    0.71774    0.00804    0.19257    0.56267    0.01038    
51.80124    0.71503    0.00906    0.19319    0.55759    0.00892    
52.17391    0.71590    0.01035    0.19338    0.55558    0.00557    
52.54659    0.71710    0.01177    0.19366    0.56015    0.00828    
52.91926    0.71753    0.01295    0.19421    0.56491    0.01217    
53.29193    0.71477    0.01400    0.19436    0.55880    0.00994    
53.66460    0.71477    0.01539    0.19478    0.56135    0.01227    
54.03727    0.71251    0.01682    0.19480    0.55369    0.00778    
54.40994    0.71469    0.01802    0.19584    0.56086    0.01141    
54.78261    0.71389    0.01936    0.19633    0.56091    0.01235    
55.15528    0.71514    0.02100    0.19782    0.56254    0.01155    
55.52795    0.71316    0.02233    0.19795    0.55928    0.01100    
55.90063    0.71385    0.02415    0.19887    0.56011    0.01040    
56.27329    0.71401    0.02510    0.20013    0.56106    0.01056    
56.64597    0.71302    0.02654    0.20065    0.56044    0.01107    
57.01864    0.71004    0.02795    0.20187    0.55535    0.00966    
57.39130    0.71185    0.02913    0.20333    0.56107    0.01215    
57.76398    0.70909    0.02962    0.20437    0.55621    0.01075    
58.13665    0.70950    0.02963    0.20635    0.55917    0.01232    
58.50932    0.70965    0.02875    0.20845    0.56034    0.01246    
58.88199    0.71073    0.02696    0.21119    0.56344    0.01297    
59.25466    0.70881    0.02550    0.21320    0.56271    0.01420    
59.62733    0.70739    0.02391    0.21560    0.55808    0.01062    
60.00000    0.70858    0.02203    0.21852    0.56339    0.01306    
60.37267    0.70614    0.01968    0.22073    0.55692    0.00917    
60.74535    0.70829    0.01767    0.22350    0.56346    0.01153    
61.11801    0.71012    0.01390    0.22545    0.56439    0.00910    
61.49068    0.70889    0.00985    0.22624    0.55918    0.00539    
61.86336    0.70764    0.00575    0.22656    0.55377    0.00166    
62.23603    0.70273    -0.00292    0.22627    0.54130    -0.00374    
62.60870    0.68818    -0.01267    0.22551    0.51431    -0.01030    
62.98137    0.68133    -0.02939    0.21909    0.49507    -0.01801    
63.35404    0.69023    -0.04773    0.21245    0.50328    -0.02055    
63.72671    0.71013    -0.05781    0.21445    0.53675    -0.01687    
64.09938    0.71829    -0.05763    0.21512    0.55669    -0.00885    
64.47205    0.71678    -0.05418    0.21174    0.55232    -0.00923    
64.84473    0.71867    -0.05057    0.20780    0.55684    -0.00537    
65.21739    0.71859    -0.04868    0.20511    0.55662    -0.00418    
65.59007    0.71788    -0.04650    0.20273    0.55228    -0.00632    
65.96274    0.71712    -0.04444    0.20030    0.55559    -0.00076    
66.33540    0.72169    -0.04297    0.20033    0.55740    -0.00542    
66.70808    0.72176    -0.04057    0.19836    0.55871    -0.00321    
67.08075    0.72126    -0.03931    0.19790    0.55603    -0.00490    
67.45341    0.72262    -0.03722    0.19657    0.55348    -0.00873    
67.82609    0.72223    -0.03537    0.19539    0.55693    -0.00412    
68.19876    0.72090    -0.03320    0.19407    0.55402    -0.00445    
68.57143    0.72440    -0.03177    0.19428    0.55509    -0.00842    
68.94410    0.72294    -0.03000    0.19300    0.55557    -0.00523    
69.31677    0.72395    -0.02832    0.19287    0.55549    -0.00661    
69.68945    0.72124    -0.02647    0.19235    0.55275    -0.00514    
70.06211    0.72456    -0.02588    0.19273    0.55541    -0.00739    
70.43478    0.71802    -0.02392    0.19108    0.54925    -0.00338    
70.80746    0.72318    -0.02287    0.19183    0.55132    -0.00899    
71.18013    0.72406    -0.02124    0.19228    0.55831    -0.00338    
71.55280    0.72601    -0.01993    0.19302    0.56150    -0.00324    
71.92547    0.72405    -0.01836    0.19121    0.56061    -0.00054    
72.29814    0.72216    -0.01736    0.19106    0.55301    -0.00531    
72.67081    0.72411    -0.01651    0.19170    0.55944    -0.00192    
73.04348    0.72572    -0.01478    0.19196    0.56234    -0.00139    
73.41615    0.72178    -0.01360    0.19087    0.55316    -0.00442    
73.78882    0.71960    -0.01187    0.19025    0.55424    0.00008    
74.16149    0.72239    -0.01134    0.19085    0.55856    0.00016    
74.53416    0.72051    -0.01025    0.19044    0.55504    -0.00047    
74.90684    0.72182    -0.00908    0.19077    0.55725    -0.00026    
75.27950    0.72033    -0.00832    0.19009    0.55740    0.00232    
75.65218    0.71948    -0.00729    0.19036    0.55582    0.00188    
76.02485    0.71808    -0.00640    0.18965    0.55421    0.00256    
76.39751    0.71927    -0.00563    0.18978    0.55405    0.00065    
76.77019    0.71809    -0.00440    0.18981    0.55510    0.00340    
77.14286    0.71839    -0.00346    0.18983    0.55555    0.00341    
77.51553    0.71827    -0.00231    0.18943    0.55407    0.00228    
77.88820    0.71738    -0.00161    0.18986    0.55084    0.00015    
78.26087    0.72046    -0.00073    0.19085    0.56139    0.00590    
78.63354    0.71867    0.00027    0.19027    0.55671    0.00403    
79.00621    0.71987    0.00125    0.19077    0.56035    0.00576    
79.37888    0.71463    0.00269    0.18985    0.55046    0.00372    
79.75156    0.71673    0.00384    0.19077    0.55756    0.00746    
80.12423    0.71801    0.00425    0.19096    0.55732    0.00530    
80.49689    0.71634    0.00538    0.19104    0.55863    0.00897    
80.86957    0.71533    0.00737    0.19166    0.55296    0.00448    
81.24224    0.71487    0.00818    0.19194    0.55282    0.00488    
81.61491    0.71515    0.00891    0.19268    0.55704    0.00840    
81.98758    0.71733    0.01085    0.19389    0.56166    0.00938    
82.36025    0.71457    0.01185    0.19377    0.55318    0.00488    
82.73292    0.71365    0.01246    0.19450    0.55730    0.01003    
83.10559    0.71422    0.01363    0.19529    0.55799    0.00955    
83.47826    0.71531    0.01432    0.19682    0.56097    0.01036    
83.85094    0.71141    0.01535    0.19695    0.55460    0.00948    
84.22360    0.70973    0.01628    0.19811    0.55334    0.01011    
84.59628    0.70979    0.01686    0.19919    0.55433    0.01057    
84.96895    0.71103    0.01790    0.20117    0.55552    0.00917    
85.34161    0.71188    0.01810    0.20306    0.55949    0.01116    
85.71429    0.70917    0.01842    0.20428    0.55179    0.00680    
86.08696    0.70633    0.01787    0.20585    0.55100    0.00940    
86.45963    0.71004    0.01663    0.20935    0.55701    0.00875    
86.83230    0.70818    0.01453    0.21159    0.55285    0.00635    
87.20497    0.70599    0.01248    0.21431    0.55448    0.00998    
87.57764    0.70721    0.01053    0.21855    0.55739    0.00938    
87.95031    0.70846    0.00946    0.22267    0.55822    0.00663    
88.32298    0.70600    0.00706    0.22545    0.55583    0.00652    
88.69566    0.70594    0.00531    0.22864    0.55567    0.00502    
89.06832    0.70626    0.00384    0.23201    0.55474    0.00210    
89.44099    0.70512    0.00273    0.23407    0.55414    0.00215    
89.81367    0.70586    0.00102    0.23619    0.55530    0.00126    
90.18634    0.69578    -0.00293    0.23602    0.53698    -0.00284    
90.55901    0.68291    -0.01239    0.23331    0.51222    -0.00874    
90.93168    0.67869    -0.02404    0.22401    0.49372    -0.01765    
91.30435    0.69711    -0.03585    0.21880    0.52006    -0.01506    
91.67702    0.71231    -0.04225    0.21866    0.54517    -0.01182    
92.04969    0.71758    -0.04202    0.21698    0.55446    -0.00930    
92.42236    0.71547    -0.03972    0.21247    0.55267    -0.00595    
92.79504    0.71682    -0.03763    0.20854    0.55075    -0.00798    
93.16770    0.71958    -0.03565    0.20513    0.55233    -0.00881    
93.54037    0.72143    -0.03554    0.20362    0.55839    -0.00480    
93.91305    0.72224    -0.03414    0.20205    0.56153    -0.00209    
94.28571    0.72188    -0.03313    0.19997    0.55173    -0.01046    
94.65839    0.72205    -0.03220    0.19800    0.55691    -0.00468    
95.03106    0.72399    -0.03115    0.19687    0.55534    -0.00855    
95.40373    0.72352    -0.02935    0.19595    0.55548    -0.00727    
95.77640    0.72322    -0.02856    0.19424    0.55611    -0.00549    
96.14907    0.72408    -0.02691    0.19343    0.55764    -0.00479    
96.52174    0.72532    -0.02507    0.19286    0.55802    -0.00589    
96.89441    0.72718    -0.02322    0.19317    0.55768    -0.00896    
97.26708    0.72485    -0.02104    0.19199    0.55699    -0.00572    
97.63976    0.72355    -0.02011    0.19137    0.55203    -0.00852    
98.01242    0.72684    -0.01847    0.19145    0.55689    -0.00840    
98.38509    0.72630    -0.01743    0.19049    0.55871    -0.00539    
98.75777    0.72583    -0.01633    0.19029    0.55706    -0.00625    
99.13044    0.72420    -0.01466    0.18905    0.55323    -0.00719    
99.50311    0.72389    -0.01359    0.18920    0.55547    -0.00453    
99.87578    0.72398    -0.01163    0.18925    0.55469    -0.00541    
100.24850    0.72465    -0.01114    0.18883    0.55791    -0.00299    
100.62110    0.72545    -0.00900    0.18886    0.56008    -0.00194    
100.99380    0.72353    -0.00671    0.18853    0.55798    -0.00111    
101.36650    0.72401    -0.00614    0.18889    0.55853    -0.00138    
101.73910    0.72396    -0.00527    0.18813    0.56231    0.00278    
102.11180    0.72041    -0.00369    0.18799    0.55469    0.00036    
102.48450    0.72002    -0.00279    0.18768    0.55018    -0.00349    
102.85710    0.72218    -0.00248    0.18757    0.55833    0.00160    
103.22980    0.72118    -0.00124    0.18776    0.55529    -0.00006    
103.60250    0.72195    -0.00059    0.18807    0.55814    0.00155    
103.97520    0.71980    0.00010    0.18748    0.55781    0.00454    
104.34780    0.72239    0.00063    0.18791    0.55761    0.00046    
104.72050    0.71911    0.00159    0.18701    0.55293    0.00083    
105.09320    0.72106    0.00267    0.18733    0.55314    -0.00189    
105.46580    0.72054    0.00346    0.18713    0.55490    0.00070    
105.83850    0.72342    0.00392    0.18737    0.55925    0.00079    
106.21120    0.72331    0.00557    0.18776    0.55811    -0.00036    
106.58390    0.71658    0.00613    0.18638    0.54991    0.00165    
106.95650    0.72157    0.00741    0.18748    0.55752    0.00165    
107.32920    0.72220    0.00850    0.18809    0.56199    0.00497    
107.70190    0.72134    0.00989    0.18750    0.56236    0.00677    
108.07450    0.71877    0.01066    0.18746    0.55448    0.00259    
108.44720    0.71923    0.01150    0.18707    0.55611    0.00369    
108.81990    0.71958    0.01260    0.18745    0.55829    0.00519    
109.19260    0.71804    0.01416    0.18721    0.55761    0.00677    
109.56520    0.71714    0.01604    0.18682    0.55416    0.00471    
109.93790    0.71952    0.01723    0.18758    0.55929    0.00610    
110.31060    0.71991    0.01807    0.18749    0.55668    0.00293    
110.68320    0.71666    0.01954    0.18642    0.55270    0.00397    
111.05590    0.71910    0.02059    0.18753    0.56121    0.00852    
111.42860    0.72093    0.02167    0.18762    0.56130    0.00590    
111.80120    0.71706    0.02151    0.18689    0.55357    0.00401    
112.17390    0.71889    0.02254    0.18745    0.55828    0.00583    
112.54660    0.72028    0.02348    0.18782    0.56386    0.00923    
112.91930    0.71727    0.02458    0.18682    0.55845    0.00847    
113.29190    0.72058    0.02539    0.18776    0.56200    0.00687    
113.66460    0.71789    0.02546    0.18742    0.55674    0.00560    
114.03730    0.71706    0.02606    0.18687    0.55840    0.00862    
114.40990    0.71742    0.02611    0.18763    0.55927    0.00870    
114.78260    0.71435    0.02292    0.19846    0.55639    0.00618    
115.15530    0.71369    0.02074    0.20180    0.55788    0.00738    
115.52800    0.71099    0.01752    0.20531    0.55369    0.00572    
115.90060    0.71052    0.01521    0.21085    0.55331    0.00379    
116.27330    0.71037    0.01328    0.21791    0.55495    0.00266    
116.64600    0.70884    0.00821    0.22451    0.55651    0.00359    
117.01860    0.70796    0.00161    0.23091    0.55311    -0.00142    
117.39130    0.70402    -0.00960    0.23368    0.54187    -0.00848    
117.76400    0.69706    -0.02233    0.22895    0.52139    -0.01742    
118.13670    0.68559    -0.03316    0.21786    0.49660    -0.02200    
118.50930    0.68659    -0.04200    0.20746    0.48568    -0.03053    
118.88200    0.70994    -0.04747    0.20382    0.52146    -0.02635    
119.25470    0.72285    -0.04830    0.20606    0.54911    -0.01819    
119.62730    0.72303    -0.04658    0.20284    0.55373    -0.01234    
120.00000    0.72137    -0.04247    0.19956    0.55363    -0.00837    
120.37270    0.72442    -0.03995    0.19831    0.55773    -0.00798    
120.74530    0.72608    -0.03859    0.19763    0.56020    -0.00755    
121.11800    0.72547    -0.03721    0.19602    0.55621    -0.00990    
121.49070    0.72567    -0.03535    0.19492    0.55376    -0.01208    
121.86340    0.72521    -0.03430    0.19426    0.55558    -0.00927    
122.23600    0.72558    -0.03314    0.19385    0.55472    -0.01041    
122.60870    0.72635    -0.03187    0.19320    0.55483    -0.01109    
122.98140    0.72864    -0.03100    0.19343    0.55650    -0.01279    
123.35400    0.72699    -0.02920    0.19253    0.55571    -0.01073    
123.72670    0.72488    -0.02829    0.19156    0.55224    -0.01070    
124.09940    0.72657    -0.02678    0.19206    0.55252    -0.01299    
124.47210    0.72734    -0.02515    0.19196    0.55539    -0.01112    
124.84470    0.72641    -0.02372    0.19118    0.55013    -0.01465    
125.21740    0.73018    -0.02273    0.19166    0.55939    -0.01103    
125.59010    0.72618    -0.02110    0.19038    0.55453    -0.00950    
125.96270    0.72770    -0.01997    0.19138    0.55639    -0.01018    
126.33540    0.72583    -0.01840    0.19055    0.55796    -0.00551    
126.70810    0.72669    -0.01732    0.19061    0.56017    -0.00454    
127.08070    0.72530    -0.01584    0.19014    0.55247    -0.01000    
127.45340    0.72354    -0.01450    0.18959    0.55323    -0.00644    
127.82610    0.72531    -0.01287    0.18996    0.55747    -0.00486    
128.19881    0.72185    -0.01227    0.18942    0.55787    0.00078    
128.57140    0.72296    -0.01041    0.18879    0.55192    -0.00650    
128.94411    0.72349    -0.00991    0.18894    0.55672    -0.00251    
129.31680    0.72296    -0.00916    0.18945    0.55942    0.00078    
129.68941    0.72182    -0.00796    0.18880    0.54940    -0.00733    
130.06210    0.72363    -0.00687    0.18988    0.55885    -0.00089    
130.43480    0.72034    -0.00589    0.18922    0.55131    -0.00342    
130.80740    0.72348    -0.00430    0.18982    0.55529    -0.00418    
131.18010    0.72402    -0.00327    0.19029    0.55706    -0.00337    
131.55280    0.72110    -0.00233    0.19010    0.55359    -0.00254    
131.92551    0.72197    -0.00141    0.19055    0.55541    -0.00214    
132.29810    0.72075    -0.00014    0.19062    0.55191    -0.00390    
132.67081    0.71928    0.00067    0.19065    0.55387    0.00015    
133.04350    0.72564    0.00174    0.19245    0.56484    0.00126    
133.41620    0.71880    0.00306    0.19119    0.55246    -0.00077    
133.78880    0.72245    0.00448    0.19222    0.55459    -0.00431    
134.16150    0.72141    0.00585    0.19250    0.55380    -0.00371    
134.53419    0.72139    0.00718    0.19284    0.55434    -0.00330    
134.90680    0.71999    0.00833    0.19273    0.55360    -0.00199    
135.27950    0.72158    0.00940    0.19407    0.55836    -0.00006    
135.65221    0.71868    0.01091    0.19422    0.55340    -0.00094    
136.02480    0.71895    0.01176    0.19424    0.55583    0.00107    
136.39751    0.71928    0.01337    0.19470    0.55710    0.00165    
136.77020    0.72007    0.01472    0.19559    0.55780    0.00083    
137.14290    0.71902    0.01655    0.19558    0.55548    -0.00004    
137.51550    0.71869    0.01818    0.19669    0.56008    0.00455    
137.88820    0.71625    0.01988    0.19664    0.55703    0.00495    
138.26089    0.71852    0.02160    0.19806    0.55679    0.00082    
138.63350    0.71624    0.02403    0.19819    0.55521    0.00235    
139.00620    0.71551    0.02587    0.19867    0.55601    0.00392    
139.37891    0.71524    0.02719    0.19969    0.55516    0.00297    
139.75160    0.71340    0.02884    0.20027    0.55602    0.00614    
140.12421    0.71790    0.03050    0.20271    0.56248    0.00508    
140.49690    0.71603    0.03195    0.20338    0.56058    0.00549    
140.86960    0.71390    0.03319    0.20429    0.55656    0.00408    
141.24220    0.71457    0.03398    0.20656    0.55764    0.00321    
141.61490    0.71529    0.03420    0.20813    0.56055    0.00441    
141.98759    0.71344    0.03200    0.21023    0.56054    0.00633    
142.36020    0.71544    0.03082    0.21301    0.56248    0.00431    
142.73289    0.71357    0.02954    0.21541    0.56122    0.00476    
143.10561    0.71208    0.02758    0.21810    0.56016    0.00477    
143.47830    0.71126    0.02570    0.22053    0.56078    0.00560    
143.85091    0.71168    0.02301    0.22350    0.55915    0.00219    
144.22360    0.71157    0.01957    0.22532    0.55721    -0.00027    
144.59630    0.71152    0.01485    0.22676    0.55675    -0.00115    
144.96890    0.71275    0.00913    0.22774    0.55677    -0.00319    
145.34160    0.70763    0.00067    0.22866    0.54570    -0.00733    
145.71429    0.70079    -0.01464    0.22905    0.52752    -0.01628    
146.08701    0.68929    -0.03127    0.22437    0.50184    -0.02460    
146.45959    0.69650    -0.04854    0.21749    0.50337    -0.03139    
146.83231    0.71417    -0.05860    0.21611    0.53636    -0.02381    
147.20500    0.72033    -0.05976    0.21572    0.55168    -0.01729    
147.57761    0.72012    -0.05609    0.21289    0.55361    -0.01343    
147.95030    0.71943    -0.05286    0.20830    0.55336    -0.01040    
148.32300    0.72052    -0.05029    0.20659    0.55293    -0.01143    
148.69560    0.72244    -0.04762    0.20346    0.55479    -0.01079    
149.06830    0.72083    -0.04569    0.20270    0.55068    -0.01209    
149.44099    0.72156    -0.04302    0.19988    0.55272    -0.00973    
149.81371    0.72321    -0.04063    0.19909    0.55233    -0.01198    
150.18629    0.72520    -0.03849    0.19786    0.55635    -0.01019    
150.55901    0.72316    -0.03745    0.19676    0.55252    -0.01055    
150.93170    0.72602    -0.03559    0.19757    0.55507    -0.01234    
151.30440    0.72557    -0.03343    0.19676    0.55741    -0.00887    
151.67700    0.72546    -0.03149    0.19526    0.55375    -0.01166    
152.04970    0.72502    -0.02931    0.19548    0.55541    -0.00931    
152.42239    0.72315    -0.02757    0.19464    0.55124    -0.01034    
152.79500    0.72656    -0.02653    0.19479    0.55573    -0.01081    
153.16769    0.72701    -0.02473    0.19495    0.55624    -0.01092    
153.54041    0.72706    -0.02321    0.19569    0.55834    -0.00911    
153.91299    0.72545    -0.02214    0.19442    0.55615    -0.00842    
154.28571    0.72608    -0.02066    0.19456    0.55430    -0.01116    
154.65840    0.72515    -0.01966    0.19528    0.55644    -0.00793    
155.03110    0.72530    -0.01831    0.19514    0.55138    -0.01309    
155.40370    0.72615    -0.01628    0.19456    0.55161    -0.01380    
155.77640    0.72520    -0.01598    0.19462    0.55686    -0.00719    
156.14909    0.72705    -0.01416    0.19474    0.55851    -0.00821    
156.52170    0.72305    -0.01275    0.19374    0.55590    -0.00459    
156.89439    0.72504    -0.01087    0.19497    0.55927    -0.00454    
157.26711    0.72484    -0.00979    0.19494    0.56059    -0.00291    
157.63980    0.72064    -0.00829    0.19358    0.54815    -0.00871    
158.01241    0.72154    -0.00732    0.19329    0.55577    -0.00226    
158.38510    0.71799    -0.00593    0.19316    0.55244    -0.00041    
158.75780    0.72180    -0.00490    0.19345    0.55832    -0.00013    
159.13040    0.71876    -0.00381    0.19359    0.55315    -0.00096    
159.50310    0.71992    -0.00272    0.19365    0.55509    -0.00069    
159.87579    0.72039    -0.00161    0.19402    0.55555    -0.00105    
160.24840    0.71995    -0.00045    0.19470    0.55468    -0.00156    
160.62109    0.72142    0.00041    0.19440    0.55525    -0.00298    
160.99380    0.71921    0.00194    0.19420    0.55980    0.00481    
161.36650    0.71930    0.00367    0.19473    0.55406    -0.00126    
161.73911    0.72311    0.00462    0.19572    0.55832    -0.00290    
162.11180    0.72066    0.00637    0.19569    0.55620    -0.00149    
162.48450    0.72005    0.00746    0.19531    0.55907    0.00240    
162.85710    0.71977    0.00860    0.19619    0.55702    0.00039    
163.22980    0.71951    0.00960    0.19642    0.55884    0.00248    
163.60249    0.71622    0.01083    0.19521    0.55345    0.00225    
163.97520    0.71578    0.01249    0.19578    0.55304    0.00222    
164.34779    0.71859    0.01417    0.19629    0.55915    0.00404    
164.72050    0.71952    0.01619    0.19761    0.56250    0.00548    
165.09320    0.71811    0.01764    0.19700    0.55702    0.00222    
165.46581    0.71672    0.01877    0.19749    0.55652    0.00348    
165.83850    0.71766    0.02064    0.19824    0.55816    0.00341    
166.21120    0.71587    0.02310    0.19873    0.55537    0.00287    
166.58380    0.71550    0.02498    0.20004    0.55486    0.00228    
166.95650    0.71424    0.02719    0.20076    0.55917    0.00798    
167.32919    0.71405    0.02903    0.20172    0.56105    0.00965    
167.70190    0.71678    0.03161    0.20384    0.56587    0.00954    
168.07449    0.71485    0.03322    0.20472    0.56135    0.00733    
168.44720    0.70919    0.03531    0.20389    0.55142    0.00565    
168.81990    0.70988    0.03684    0.20576    0.55931    0.01169    
169.19260    0.71218    0.03903    0.20794    0.55853    0.00657    
169.56520    0.70951    0.03957    0.20901    0.55763    0.00898    
169.93790    0.71113    0.04115    0.21178    0.55688    0.00463    
170.31059    0.71140    0.04426    0.21506    0.56064    0.00634    
170.68320    0.70829    0.04739    0.21919    0.55547    0.00350    
171.05589    0.70641    0.05109    0.22559    0.55714    0.00462    
171.42860    0.69866    0.05356    0.23141    0.54248    -0.00206    
171.80119    0.68525    0.04878    0.23480    0.52024    -0.00684    
172.17390    0.66233    0.04005    0.22980    0.47563    -0.01746    
172.54660    0.65153    0.01942    0.22107    0.44795    -0.02579    
172.91930    0.66065    -0.01552    0.20993    0.44260    -0.03818    
241.86340    0.71620    -0.00481    0.18893    0.55446    0.00580    
242.23599    0.71471    -0.00406    0.18889    0.55279    0.00628    
242.60870    0.71666    -0.00317    0.18917    0.55814    0.00874    
242.98140    0.71395    -0.00186    0.18865    0.55536    0.01004    
243.35400    0.71650    -0.00108    0.18935    0.55609    0.00686    
243.72670    0.71496    0.00062    0.18966    0.55457    0.00744    
244.09940    0.71616    0.00161    0.18981    0.55573    0.00683    
244.47200    0.71338    0.00270    0.19006    0.55476    0.00971    
244.84470    0.71764    0.00399    0.19069    0.56129    0.00990    
245.21741    0.71096    0.00502    0.18988    0.55299    0.01145    
245.59010    0.71457    0.00660    0.19092    0.55941    0.01230    
245.96271    0.71360    0.00755    0.19092    0.55871    0.01297    
246.33540    0.71412    0.00881    0.19127    0.55765    0.01102    
246.70810    0.71250    0.01017    0.19075    0.55327    0.00913    
247.08070    0.71208    0.01170    0.19097    0.55756    0.01390    
247.45340    0.71182    0.01258    0.19198    0.55968    0.01598    
247.82610    0.71358    0.01440    0.19183    0.56206    0.01587    
248.19881    0.70899    0.01610    0.19157    0.55048    0.01086    
248.57140    0.70987    0.01712    0.19249    0.55685    0.01559    
248.94411    0.71118    0.01904    0.19223    0.55560    0.01251    
249.31680    0.71025    0.02093    0.19323    0.55400    0.01177    
249.68950    0.70696    0.02224    0.19303    0.55206    0.01451    
250.06210    0.70943    0.02419    0.19409    0.55625    0.01471    
250.43480    0.71086    0.02639    0.19484    0.55892    0.01495    
250.80750    0.70943    0.02822    0.19610    0.55770    0.01515    
251.18010    0.70590    0.02976    0.19579    0.55164    0.01413    
251.55280    0.70995    0.03160    0.19916    0.55744    0.01274    
251.92551    0.70831    0.03335    0.20010    0.55798    0.01513    
252.29820    0.70825    0.03536    0.20241    0.55956    0.01572    
252.67081    0.70599    0.03522    0.20472    0.55700    0.01543    
253.04350    0.70841    0.03644    0.20816    0.56184    0.01534    
253.41620    0.70544    0.03773    0.21168    0.55768    0.01380    
253.78880    0.70367    0.04074    0.21697    0.55326    0.00937    
254.16150    0.70100    0.04375    0.22450    0.55364    0.00992    
254.53419    0.69331    0.04291    0.23155    0.54136    0.00523    
254.90680    0.67707    0.03667    0.23356    0.50899    -0.00532    
255.27950    0.66089    0.02301    0.23161    0.48158    -0.00937    
255.65221    0.65799    0.00027    0.22479    0.46613    -0.01736    
256.02481    0.67027    -0.03959    0.21887    0.46741    -0.03131    
256.39749    0.68451    -0.07477    0.20782    0.48152    -0.03581    
256.77020    0.69380    -0.08862    0.19984    0.49640    -0.03275    
257.14291    0.70980    -0.08873    0.19415    0.52805    -0.02134    
257.51550    0.71705    -0.08361    0.19534    0.54693    -0.01238    
257.88821    0.72011    -0.07408    0.19634    0.55314    -0.00945    
258.26089    0.71912    -0.06593    0.19556    0.55697    -0.00275    
258.63351    0.71786    -0.06180    0.19444    0.55149    -0.00546    
259.00620    0.71879    -0.05705    0.19351    0.55318    -0.00417    
259.37891    0.71943    -0.05231    0.19268    0.54885    -0.00859    
259.75159    0.72074    -0.04880    0.19156    0.55497    -0.00358    
260.12421    0.71937    -0.04552    0.19076    0.55113    -0.00482    
260.49689    0.72106    -0.04296    0.19029    0.55253    -0.00545    
260.86960    0.71894    -0.04004    0.18858    0.54864    -0.00540    
261.24219    0.72027    -0.03805    0.18806    0.55185    -0.00375    
261.61490    0.72089    -0.03568    0.18727    0.55323    -0.00280    
261.98761    0.71932    -0.03399    0.18653    0.54996    -0.00340    
262.36029    0.72212    -0.03274    0.18687    0.55582    -0.00163    
262.73291    0.72086    -0.03033    0.18586    0.55241    -0.00269    
263.10559    0.72049    -0.02853    0.18587    0.55465    0.00018    
263.47830    0.72220    -0.02703    0.18505    0.55231    -0.00424    
263.85101    0.72072    -0.02482    0.18482    0.55471    0.00049    
264.22360    0.71760    -0.02308    0.18541    0.55242    0.00256    
264.59631    0.71939    -0.02072    0.18456    0.55580    0.00380    
264.96899    0.71524    -0.01969    0.18311    0.54943    0.00395    
265.34161    0.71680    -0.01914    0.18402    0.55110    0.00306    
265.71429    0.71619    -0.01711    0.18355    0.55079    0.00387    
266.08701    0.71508    -0.01589    0.18292    0.55362    0.00857    
266.45959    0.71604    -0.01443    0.18314    0.55618    0.00973    
266.83231    0.71599    -0.01329    0.18382    0.55585    0.00924    
267.20499    0.71383    -0.01230    0.18364    0.54936    0.00593    
267.57761    0.71385    -0.01127    0.18309    0.55237    0.00913    
267.95029    0.71538    -0.01052    0.18359    0.55581    0.01023    
268.32300    0.71642    -0.00888    0.18391    0.55424    0.00707    
268.69559    0.71488    -0.00870    0.18351    0.55501    0.01020    
269.06830    0.71375    -0.00676    0.18332    0.55092    0.00783    
269.44101    0.71592    -0.00633    0.18462    0.56008    0.01342    
269.81369    0.71365    -0.00524    0.18365    0.55118    0.00813    
270.18631    0.71485    -0.00422    0.18420    0.55464    0.00969    
270.55899    0.71463    -0.00346    0.18485    0.55694    0.01207    
270.93170    0.71317    -0.00241    0.18441    0.55282    0.01020    
271.30441    0.71151    -0.00192    0.18367    0.54793    0.00794    
271.67700    0.71278    -0.00026    0.18426    0.55043    0.00842    
272.04971    0.71305    0.00021    0.18467    0.55283    0.01028    
272.42239    0.71388    0.00106    0.18516    0.55505    0.01114    
272.79501    0.71155    0.00228    0.18489    0.55830    0.01780    
273.16769    0.71209    0.00389    0.18546    0.55480    0.01332    
273.54041    0.71278    0.00373    0.18593    0.55967    0.01702    
273.91309    0.71354    0.00552    0.18648    0.55536    0.01141    
274.28571    0.71039    0.00617    0.18632    0.55418    0.01477    
274.65839    0.71304    0.00711    0.18732    0.55888    0.01530    
275.03110    0.71245    0.00759    0.18836    0.56051    0.01740    
275.40369    0.71077    0.00903    0.18828    0.56053    0.01980    
275.77640    0.71166    0.01052    0.18951    0.56283    0.02034    
276.14911    0.71070    0.01141    0.18991    0.55799    0.01671    
276.52179    0.71005    0.01332    0.19067    0.55292    0.01221    
276.89441    0.70856    0.01422    0.19211    0.55540    0.01623    
277.26709    0.70739    0.01593    0.19264    0.55606    0.01829    
277.63980    0.70868    0.01817    0.19437    0.55930    0.01897    
278.01239    0.70947    0.01970    0.19633    0.55953    0.01725    
278.38510    0.70604    0.02029    0.19657    0.55548    0.01794    
278.75781    0.70706    0.02321    0.19894    0.55863    0.01858    
279.13040    0.70866    0.02581    0.20127    0.56164    0.01826    
279.50311    0.70564    0.02764    0.20261    0.55866    0.01891    
279.87579    0.70400    0.02873    0.20432    0.56001    0.02182    
280.24841    0.70400    0.03097    0.20684    0.55737    0.01801    
280.62109    0.70136    0.03127    0.20945    0.55139    0.01463    
280.99380    0.70049    0.03284    0.21311    0.55494    0.01776    
281.36649    0.70058    0.03417    0.21801    0.55918    0.01968    
281.73911    0.69938    0.03694    0.22450    0.55756    0.01666    
282.11179    0.69649    0.03995    0.23277    0.55914    0.01827    
282.48450    0.69075    0.03813    0.24108    0.54785    0.01114    
282.85709    0.67569    0.03120    0.24554    0.51679    -0.00103    
283.22980    0.65706    0.02303    0.24222    0.48771    -0.00321    
283.60251    0.64970    0.00270    0.23836    0.46232    -0.01662    
283.97519    0.65401    -0.03006    0.22920    0.45653    -0.02463    
284.34781    0.66714    -0.06125    0.21626    0.46293    -0.03266    
284.72049    0.68352    -0.08045    0.20195    0.48514    -0.02932    
285.09320    0.69582    -0.08256    0.19545    0.51170    -0.01748    
285.46591    0.71629    -0.07694    0.19866    0.54821    -0.01025    
285.83850    0.71530    -0.06653    0.20045    0.55451    -0.00175    
286.21121    0.71444    -0.05833    0.19962    0.55511    0.00143    
286.58389    0.71422    -0.05247    0.19654    0.55177    0.00028    
286.95651    0.71566    -0.04603    0.19463    0.55316    0.00099    
287.32919    0.71714    -0.04262    0.19431    0.55427    0.00041    
287.70190    0.71625    -0.03991    0.19313    0.55307    0.00117    
288.07458    0.72123    -0.03713    0.19247    0.55552    -0.00308    
288.44720    0.71753    -0.03497    0.19138    0.54940    -0.00329    
288.81989    0.71836    -0.03379    0.19005    0.55088    -0.00241    
289.19260    0.72103    -0.03130    0.19048    0.55825    0.00110    
289.56519    0.71985    -0.02953    0.18854    0.55670    0.00209    
289.93790    0.72199    -0.02791    0.18925    0.55493    -0.00293    
290.31061    0.72050    -0.02677    0.18794    0.55340    -0.00176    
290.68320    0.72118    -0.02403    0.18742    0.55441    -0.00140    
291.05591    0.72232    -0.02315    0.18741    0.56193    0.00452    
291.42859    0.72060    -0.02226    0.18735    0.55318    -0.00167    
291.80130    0.72193    -0.02026    0.18720    0.55798    0.00134    
292.17389    0.72015    -0.01922    0.18635    0.55755    0.00385    
292.54660    0.72094    -0.01847    0.18695    0.55630    0.00125    
292.91931    0.72141    -0.01711    0.18702    0.55642    0.00071    
293.29190    0.71981    -0.01686    0.18708    0.55628    0.00287    
293.66461    0.72136    -0.01541    0.18704    0.55593    0.00035    
294.03729    0.71726    -0.01424    0.18661    0.55164    0.00216    
294.40991    0.72007    -0.01323    0.18646    0.55280    -0.00065    
294.78259    0.71909    -0.01209    0.18683    0.55257    0.00042    
295.15530    0.71932    -0.01140    0.18724    0.55434    0.00173    
295.52802    0.71941    -0.01048    0.18704    0.55461    0.00197    
295.90060    0.72231    -0.00942    0.18797    0.55568    -0.00148    
296.27328    0.71943    -0.00860    0.18733    0.55356    0.00081    
296.64600    0.72202    -0.00835    0.18751    0.55913    0.00259    
297.01859    0.72080    -0.00648    0.18773    0.55487    0.00004    
297.39130    0.72036    -0.00630    0.18727    0.55640    0.00236    
297.76401    0.71899    -0.00471    0.18705    0.55599    0.00402    
298.13669    0.72016    -0.00447    0.18735    0.55650    0.00275    
298.50931    0.72232    -0.00355    0.18800    0.55676    -0.00033    
298.88199    0.71891    -0.00252    0.18701    0.55569    0.00389    
299.25470    0.72088    -0.00081    0.18810    0.55924    0.00419    
299.62729    0.71914    -0.00019    0.18694    0.55922    0.00711    
300.00000    0.71977    0.00163    0.18762    0.55999    0.00671    
300.37271    0.71531    0.00288    0.18736    0.55608    0.00930    
300.74539    0.71559    0.00398    0.18774    0.55627    0.00895    
301.11801    0.71518    0.00524    0.18616    0.55849    0.01232    
301.49069    0.71592    0.00624    0.18710    0.56065    0.01306    
301.86340    0.71287    0.00728    0.18629    0.55745    0.01450    
302.23599    0.71503    0.00863    0.18652    0.56543    0.01930    
302.60870    0.71478    0.00983    0.18717    0.56249    0.01646    
302.98141    0.71373    0.01105    0.18573    0.55363    0.00960    
303.35410    0.71309    0.01213    0.18615    0.55848    0.01519    
303.72672    0.71208    0.01268    0.18620    0.55702    0.01512    
304.09940    0.71190    0.01409    0.18639    0.55620    0.01446    
304.47211    0.71279    0.01477    0.18805    0.56080    0.01716    
304.84470    0.71026    0.01569    0.18806    0.56001    0.01992    
305.21741    0.71033    0.01694    0.18854    0.55621    0.01581    
305.59009    0.70979    0.01830    0.18898    0.55876    0.01891    
305.96271    0.71013    0.01916    0.18994    0.55918    0.01846    
306.33539    0.70972    0.02027    0.19067    0.55882    0.01834    
306.70810    0.70981    0.02188    0.19199    0.55949    0.01832    
307.08069    0.70823    0.02323    0.19232    0.55796    0.01884    
307.45340    0.70944    0.02483    0.19408    0.56123    0.01965    
307.82611    0.70756    0.02620    0.19530    0.55880    0.01933    
308.19879    0.70834    0.02817    0.19770    0.56244    0.02082    
308.57141    0.70694    0.02910    0.19977    0.55997    0.01945    
308.94409    0.70443    0.03053    0.20217    0.55678    0.01875    
309.31680    0.70478    0.03257    0.20713    0.56105    0.02038    
309.68951    0.69708    0.03438    0.21043    0.54260    0.01121    
310.06210    0.68081    0.03022    0.20927    0.51144    0.00324    
310.43481    0.66184    0.02333    0.20245    0.47941    -0.00015    
310.80750    0.64675    0.01368    0.18998    0.44293    -0.01164    
311.18011    0.64236    -0.00291    0.17801    0.42548    -0.01884    
311.55280    0.65018    -0.02542    0.16799    0.43605    -0.01555    
311.92551    0.67113    -0.04808    0.16810    0.46564    -0.01534    
312.29819    0.69464    -0.06058    0.17472    0.49944    -0.01728    
312.67081    0.71552    -0.06149    0.18478    0.54321    -0.00668    
313.04349    0.71780    -0.05492    0.19060    0.55227    -0.00231    
313.41620    0.71927    -0.04647    0.19250    0.55431    -0.00225    
313.78879    0.71728    -0.04009    0.19185    0.55445    0.00154    
314.16150    0.71923    -0.03613    0.19228    0.56056    0.00499    
314.53421    0.71862    -0.03279    0.19100    0.55653    0.00256    
314.90680    0.72060    -0.03073    0.19094    0.55678    0.00011    
315.27951    0.71676    -0.02844    0.18858    0.55159    0.00147    
315.65219    0.71885    -0.02724    0.18855    0.55501    0.00197    
316.02490    0.71881    -0.02591    0.18826    0.55702    0.00421    
316.39749    0.71973    -0.02526    0.18801    0.55292    -0.00107    
316.77020    0.71945    -0.02405    0.18656    0.55373    0.00074    
317.14291    0.72048    -0.02295    0.18647    0.55447    0.00008    
317.51550    0.72062    -0.02229    0.18647    0.55210    -0.00246    
317.88821    0.72259    -0.02038    0.18577    0.55857    0.00151    
318.26089    0.72297    -0.01953    0.18604    0.56000    0.00233    
318.63351    0.72237    -0.01838    0.18571    0.55749    0.00085    
319.00620    0.72266    -0.01740    0.18573    0.55469    -0.00234    
319.37891    0.72074    -0.01586    0.18478    0.55372    -0.00013    
319.75159    0.72073    -0.01490    0.18470    0.55299    -0.00080    
320.12421    0.72126    -0.01322    0.18479    0.55294    -0.00160    
320.49689    0.72132    -0.01240    0.18512    0.54772    -0.00700    
320.86960    0.71922    -0.01119    0.18470    0.55342    0.00191    
321.24219    0.72079    -0.00957    0.18388    0.55742    0.00397    
321.61490    0.71942    -0.00847    0.18352    0.55749    0.00618    
321.98761    0.71860    -0.00753    0.18361    0.55253    0.00238    
322.36029    0.71889    -0.00643    0.18312    0.55587    0.00549    
322.73291    0.71724    -0.00537    0.18312    0.55643    0.00843    
323.10559    0.72049    -0.00498    0.18443    0.55804    0.00490    
323.47830    0.71779    -0.00389    0.18312    0.55910    0.01032    
323.85101    0.71858    -0.00308    0.18356    0.55770    0.00763    
324.22360    0.71932    -0.00217    0.18374    0.55865    0.00745    
324.59631    0.71680    -0.00099    0.18349    0.55543    0.00797    
324.96899    0.71596    -0.00079    0.18308    0.55773    0.01161    
325.34161    0.71797    0.00027    0.18372    0.55879    0.00955    
325.71429    0.71647    0.00063    0.18376    0.56056    0.01346    
326.08701    0.71815    0.00180    0.18393    0.55957    0.01000    
326.45959    0.71704    0.00271    0.18402    0.55876    0.01075    
326.83231    0.71582    0.00414    0.18386    0.55692    0.01070    
327.20499    0.71643    0.00471    0.18400    0.55323    0.00607    
327.57761    0.71629    0.00544    0.18371    0.55983    0.01299    
327.95029    0.71481    0.00637    0.18360    0.55332    0.00862    
328.32300    0.71549    0.00740    0.18411    0.55753    0.01165    
328.69571    0.71407    0.00838    0.18390    0.55848    0.01470    
329.06830    0.71401    0.00959    0.18380    0.55693    0.01323    
329.44101    0.71502    0.01010    0.18379    0.56057    0.01543    
329.81369    0.71445    0.01173    0.18381    0.55543    0.01107    
330.18631    0.71614    0.01259    0.18415    0.56269    0.01576    
330.55899    0.71476    0.01345    0.18399    0.55775    0.01284    
330.93170    0.71630    0.01472    0.18456    0.56381    0.01643    
331.30441    0.71663    0.01552    0.18460    0.56241    0.01454    
331.67700    0.71677    0.01621    0.18522    0.56319    0.01486    
332.04971    0.71197    0.01783    0.18436    0.55492    0.01371    
332.42239    0.71172    0.01874    0.18433    0.55779    0.01692    
332.79501    0.71351    0.02002    0.18487    0.55780    0.01412    
333.16769    0.71288    0.02174    0.18497    0.55867    0.01579    
333.54041    0.71361    0.02217    0.18564    0.56100    0.01681    
333.91309    0.70950    0.02307    0.18476    0.55661    0.01855    
334.28571    0.71128    0.02387    0.18518    0.56106    0.02028    
334.65839    0.71112    0.02523    0.18549    0.56036    0.01963    
335.03110    0.71151    0.02576    0.18623    0.55799    0.01640    
335.40369    0.71050    0.02580    0.18659    0.55921    0.01891    
335.77640    0.71155    0.02627    0.18764    0.56062    0.01842    
336.14911    0.71055    0.02455    0.18826    0.56080    0.01987    
336.52179    0.70933    0.02369    0.18890    0.55882    0.01942    
336.89441    0.70979    0.02137    0.19022    0.55429    0.01385    
337.26709    0.70842    0.01953    0.19233    0.55460    0.01537    
337.63980    0.70248    0.01320    0.19437    0.54182    0.01039    
338.01239    0.69463    0.00281    0.19419    0.52276    0.00253    
338.38510    0.67529    -0.00625    0.18970    0.48648    -0.00555    
338.75781    0.66330    -0.01603    0.18202    0.46121    -0.01215    
339.13040    0.66977    -0.02653    0.17806    0.46827    -0.01273    
339.50311    0.69631    -0.03344    0.18038    0.50299    -0.01551    
339.87579    0.71212    -0.03691    0.18752    0.53405    -0.00960    
340.24850    0.71833    -0.04013    0.19045    0.54987    -0.00401    
340.62109    0.72209    -0.03928    0.19173    0.55755    -0.00217    
340.99380    0.72193    -0.03609    0.19007    0.55919    0.00058    
341.36649    0.71990    -0.03339    0.18860    0.55294    -0.00201    
341.73911    0.72064    -0.03168    0.18771    0.55826    0.00270    
342.11179    0.71876    -0.03065    0.18632    0.55288    0.00061    
342.48450    0.72300    -0.02982    0.18676    0.55671    -0.00179    
342.85709    0.72075    -0.02774    0.18573    0.55400    -0.00074    
343.22980    0.72191    -0.02704    0.18550    0.55765    0.00135    
343.60251    0.72072    -0.02595    0.18499    0.55585    0.00152    
343.97519    0.72284    -0.02440    0.18519    0.55830    0.00092    
344.34781    0.72296    -0.02325    0.18451    0.55973    0.00247    
344.72049    0.72550    -0.02274    0.18542    0.55814    -0.00310    
345.09320    0.72113    -0.02093    0.18426    0.55250    -0.00192    
345.46591    0.72357    -0.02065    0.18437    0.55935    0.00138    
345.83850    0.72184    -0.01857    0.18391    0.55706    0.00183    
346.21121    0.72078    -0.01776    0.18362    0.55330    -0.00026    
346.58389    0.71944    -0.01563    0.18318    0.55271    0.00131    
346.95651    0.71951    -0.01391    0.18281    0.55345    0.00215    
347.32919    0.72034    -0.01306    0.18319    0.55863    0.00601    
347.70190    0.71874    -0.01154    0.18295    0.55286    0.00268    
348.07458    0.72050    -0.01086    0.18320    0.56062    0.00782    
348.44720    0.71839    -0.01002    0.18270    0.55342    0.00386    
348.81989    0.71722    -0.00899    0.18257    0.55013    0.00231    
349.19260    0.71682    -0.00783    0.18196    0.55682    0.00982    
349.56519    0.72059    -0.00714    0.18333    0.56285    0.00995    
349.93790    0.71877    -0.00613    0.18318    0.55755    0.00733    
350.31061    0.71750    -0.00501    0.18285    0.55513    0.00686    
350.68320    0.71634    -0.00422    0.18256    0.55571    0.00922    
351.05591    0.71764    -0.00347    0.18308    0.55873    0.01020    
351.42859    0.72050    -0.00239    0.18410    0.56245    0.00943    
351.80121    0.71808    -0.00172    0.18452    0.55675    0.00706    
352.17389    0.71851    -0.00064    0.18432    0.55715    0.00691    
352.54660    0.71911    0.00039    0.18482    0.55991    0.00862    
352.91931    0.71669    0.00123    0.18426    0.55568    0.00808    
353.29190    0.72113    0.00206    0.18522    0.55855    0.00420    
353.66461    0.71622    0.00284    0.18513    0.55509    0.00785    
354.03729    0.71561    0.00413    0.18430    0.55760    0.01151    
354.40991    0.71751    0.00500    0.18539    0.56018    0.01096    
354.78259    0.71687    0.00600    0.18590    0.56352    0.01503    
355.15530    0.71409    0.00707    0.18607    0.55274    0.00813    
355.52802    0.71443    0.00750    0.18565    0.55584    0.01091    
355.90060    0.71778    0.00938    0.18745    0.56254    0.01210    
356.27328    0.71473    0.00947    0.18733    0.55731    0.01128    
356.64600    0.71352    0.01126    0.18659    0.55314    0.00909    
357.01859    0.71250    0.01192    0.18687    0.55668    0.01396    
357.39130    0.71459    0.01375    0.18808    0.55973    0.01353    
357.76401    0.71297    0.01480    0.18797    0.55843    0.01455    
358.13669    0.71095    0.01585    0.18775    0.55473    0.01377    
358.50931    0.71044    0.01759    0.18909    0.55465    0.01387    
358.88199    0.71282    0.01960    0.18936    0.56122    0.01686    
359.25470    0.71385    0.02030    0.19035    0.56228    0.01606    
359.62729    0.71056    0.02188    0.19049    0.55818    0.01652    
