TITLE:  An Experimental Investigation of the Flow through an Axial-Flow Pump
AUTHORS:  Zierke, Straka, and Taylor
JOURNAL PAPER FIGURE(S):  NA
PSU/ARL TR 93-12 FIGURE(S):  28l
*****************************************************************************
DATA TITLE:  Circumferential Variation of Velocity and Pressure Downstream of 
             IGV Trailing Edge Measured with 5-Hole Probes (95.2% span)
MEASUREMENT TYPE:  5-hole probe wake rake survey
MEASUREMENT LOCATION:  49.7% IGV chord axially downstream of IGV trailing 
                       edge, at 95.2% span
NOMINAL CONDITIONS:  
  vinf = 35.0 ft/sec
  pref = 43.2 psia
  rho  = 1.932 slugs/ft^3
  rotor rpm  = 260
  Utip = 47.6 ft/sec
  IGV chord = 6.90 inches
  IGV span  = 10.50 inches
DATA COLUMNS:
  1 -- circumferential position in degrees
  2 -- nondimensional axial velocity, Vz / Utip, [uncertainty: 0.02]
  3 -- nondimensional radial velocity, Vr / Utip,  [uncertainty: 0.02] 
  4 -- nondimensional tangential velocity, Vtheta / Utip,  [uncertainty: 0.02] 
  5 -- total pressure coefficient, Kpt = (ptot - pref) / (0.5 * rho * Utip^2)
  6 -- static pressure coefficient, Kpt = (psta - pref) / (0.5 * rho * Utip^2)
*****************************************************************************
0.37270    0.67630    0.03090    0.06920    0.51352    -0.05015    
0.74530    0.68040    0.02830    0.06430    0.51372    -0.04937    
1.11800    0.66920    0.02920    0.05450    0.52152    -0.05015    
1.49070    0.66160    0.04980    0.03420    0.53260    -0.05081    
1.86340    0.67410    0.06910    0.01990    0.52565    -0.04766    
2.23600    0.69320    0.08210    0.01710    0.52886    -0.04720    
2.60870    0.69520    0.08730    0.02250    0.53234    -0.04583    
2.98140    0.69100    0.08670    0.02660    0.53575    -0.04976    
3.35400    0.67980    0.08270    0.03420    0.53443    -0.05055    
3.72670    0.66790    0.07930    0.03770    0.53915    -0.04707    
4.09940    0.65860    0.07600    0.04330    0.53614    -0.04642    
4.47210    0.64790    0.07140    0.04620    0.53955    -0.05153    
4.84470    0.64300    0.06750    0.05140    0.53365    -0.04956    
5.21740    0.64010    0.06360    0.05360    0.53384    -0.04989    
5.59010    0.64160    0.06300    0.05680    0.52971    -0.04897    
5.96270    0.64390    0.06180    0.05860    0.52545    -0.04832    
6.33540    0.65320    0.06040    0.05820    0.52585    -0.04786    
6.70810    0.66200    0.05870    0.05940    0.52368    -0.04602    
7.08070    0.67580    0.05640    0.05990    0.52657    -0.04661    
7.45340    0.68730    0.05470    0.06000    0.52408    -0.04556    
7.82610    0.70470    0.04770    0.06110    0.52912    -0.04530    
8.19880    0.71680    0.04460    0.06040    0.52807    -0.04530    
8.57140    0.72680    0.04250    0.06240    0.53273    -0.04288    
8.94410    0.73680    0.03970    0.06380    0.53660    -0.03966    
9.31680    0.74040    0.03850    0.06480    0.53883    -0.03914    
9.68940    0.74270    0.03750    0.06720    0.53856    -0.04019    
10.06210    0.74380    0.03610    0.06840    0.53522    -0.03684    
10.43480    0.74460    0.03690    0.07170    0.53752    -0.03521    
10.80750    0.73660    0.03740    0.07250    0.53909    -0.03645    
11.18010    0.73470    0.03720    0.07080    0.53797    -0.02904    
11.55280    0.73550    0.03510    0.07170    0.53922    -0.02885    
11.92550    0.73210    0.03370    0.07210    0.54224    -0.02596    
12.29810    0.73070    0.03210    0.07330    0.54492    -0.02721    
12.67080    0.72870    0.02880    0.07440    0.54414    -0.02714    
13.04350    0.72460    0.02820    0.07370    0.54446    -0.02767    
13.41620    0.72470    0.02560    0.07630    0.54492    -0.02924    
13.78880    0.72640    0.02390    0.07910    0.54309    -0.03022    
14.16150    0.72010    0.02120    0.08170    0.54033    -0.02721    
14.53420    0.71960    0.01990    0.08500    0.53994    -0.03173    
14.90680    0.71900    0.01970    0.08910    0.54414    -0.02760    
15.27950    0.72420    0.01750    0.09150    0.54230    -0.03062    
15.65220    0.72120    0.01790    0.09510    0.54348    -0.03468    
16.02490    0.72960    0.01710    0.09850    0.54381    -0.03671    
16.39750    0.72980    0.01700    0.09940    0.54368    -0.03363    
16.77020    0.73230    0.01770    0.10430    0.52860    -0.03383    
17.14290    0.73310    0.01830    0.10610    0.48671    -0.04084    
17.51550    0.73560    0.01970    0.10680    0.42698    -0.05074    
17.88820    0.73590    0.02140    0.11000    0.40319    -0.05736    
18.26090    0.73630    0.02210    0.10870    0.39584    -0.05605    
18.63350    0.73430    0.02540    0.11090    0.39388    -0.05513    
19.00620    0.73560    0.02700    0.11170    0.39545    -0.05513    
19.37890    0.73630    0.02870    0.11220    0.43531    -0.05232    
19.75160    0.73250    0.03040    0.11060    0.45819    -0.05022    
20.12420    0.73840    0.03140    0.11060    0.47353    -0.04832    
20.49690    0.74190    0.03290    0.11000    0.49287    -0.04760    
20.86960    0.74660    0.03280    0.10940    0.49825    -0.04681    
21.24220    0.74090    0.03500    0.10690    0.50205    -0.05068    
21.61490    0.74380    0.03520    0.10610    0.50801    -0.04930    
21.98760    0.74310    0.03590    0.10510    0.51450    -0.04858    
22.36030    0.73390    0.03680    0.10090    0.51424    -0.04969    
22.73290    0.73860    0.03670    0.10030    0.50343    -0.04838    
23.10560    0.73840    0.03690    0.09940    0.52539    -0.04989    
23.47830    0.73560    0.03620    0.09510    0.51962    -0.05055    
23.85090    0.73590    0.03630    0.09250    0.52578    -0.05061    
24.22360    0.73110    0.03570    0.09160    0.49608    -0.05232    
24.59630    0.73280    0.03580    0.08730    0.50539    -0.05422    
24.96890    0.72660    0.03390    0.08590    0.50408    -0.05264    
25.34160    0.71930    0.03360    0.08320    0.51936    -0.05277    
25.71430    0.71300    0.03120    0.08230    0.51470    -0.05520    
26.08700    0.70640    0.02950    0.07990    0.51772    -0.05717    
26.45960    0.71570    0.02710    0.07760    0.52395    -0.05435    
26.83230    0.70920    0.02490    0.07740    0.51562    -0.05513    
27.20500    0.70720    0.02310    0.07710    0.51942    -0.05592    
27.57760    0.69160    0.02220    0.07420    0.53017    -0.05304    
27.95030    0.68620    0.01950    0.06700    0.52906    -0.05304    
28.32300    0.67520    0.01720    0.05860    0.52860    -0.05343    
28.69570    0.67160    0.02320    0.04660    0.52873    -0.05232    
29.06830    0.67190    0.04730    0.02390    0.52381    -0.05291    
29.44100    0.71070    0.06330    0.01250    0.52906    -0.05304    
29.81370    0.73840    0.07230    0.01550    0.53037    -0.05225    
30.18630    0.74930    0.07680    0.02080    0.52880    -0.05114    
30.55900    0.75060    0.07660    0.02660    0.53017    -0.05133    
30.93170    0.75270    0.07650    0.03290    0.53358    -0.05382    
31.30430    0.75140    0.07600    0.03870    0.53607    -0.05140    
31.67700    0.74880    0.07450    0.04500    0.52945    -0.05343    
32.04970    0.74750    0.07460    0.04820    0.53004    -0.05454    
32.42240    0.74590    0.07410    0.05140    0.53489    -0.05133    
32.79500    0.74490    0.07170    0.05470    0.53968    -0.05330    
33.16770    0.74600    0.07060    0.05930    0.53214    -0.05546    
33.54040    0.74520    0.06880    0.06090    0.53089    -0.05369    
33.91300    0.74330    0.06720    0.06250    0.53076    -0.05363    
34.28570    0.74640    0.06330    0.06530    0.52971    -0.05736    
34.65840    0.74380    0.06240    0.06610    0.53732    -0.05291    
35.03110    0.74910    0.05860    0.06810    0.51903    -0.05363    
35.40370    0.75170    0.05570    0.07030    0.52368    -0.05271    
35.77640    0.74990    0.05340    0.07150    0.52591    -0.05481    
36.14910    0.75160    0.05290    0.07500    0.52827    -0.05468    
36.52170    0.74910    0.05190    0.07780    0.52906    -0.05317    
36.89440    0.75090    0.05140    0.08010    0.51536    -0.05258    
37.26710    0.75180    0.05030    0.08400    0.51955    -0.05009    
37.63980    0.75050    0.05090    0.08690    0.52467    -0.05127    
38.01240    0.74850    0.05110    0.08810    0.52952    -0.05212    
38.38510    0.74960    0.05130    0.09140    0.52598    -0.04851    
38.75780    0.74720    0.05340    0.09330    0.53207    -0.04012    
39.13040    0.74410    0.05380    0.09460    0.53902    -0.03632    
39.50310    0.73900    0.05500    0.09730    0.53050    -0.03586    
39.87580    0.73600    0.05510    0.09970    0.54106    -0.03317    
40.24850    0.72870    0.05610    0.10230    0.53352    -0.03383    
40.62110    0.72170    0.05700    0.10570    0.53817    -0.03684    
40.99380    0.70920    0.05800    0.10710    0.54309    -0.03645    
41.36650    0.69550    0.05940    0.10520    0.54446    -0.03481    
41.73910    0.67820    0.06040    0.10150    0.54256    -0.03330    
42.11180    0.66000    0.05830    0.09720    0.54499    -0.03442    
42.48450    0.65320    0.05740    0.09280    0.54650    -0.03527    
42.85710    0.64430    0.05410    0.08850    0.54735    -0.03612    
43.22980    0.64950    0.05330    0.08770    0.54545    -0.03724    
43.60250    0.66050    0.05170    0.08760    0.54499    -0.03737    
43.97520    0.68180    0.05140    0.08910    0.54610    -0.03606    
44.34780    0.69800    0.05010    0.09050    0.53961    -0.03475    
44.72050    0.71750    0.05100    0.09260    0.51647    -0.03606    
45.09320    0.72860    0.05130    0.09470    0.46638    -0.04130    
45.46580    0.73540    0.05160    0.09560    0.43138    -0.04425    
45.83850    0.74040    0.05100    0.09430    0.39624    -0.04248    
46.21120    0.73870    0.04930    0.09290    0.35690    -0.03920    
46.58390    0.74320    0.04680    0.09200    0.33730    -0.04071    
46.95650    0.74310    0.04490    0.09200    0.33337    -0.03901    
47.32920    0.74350    0.04350    0.09280    0.37985    -0.03337    
47.70190    0.74150    0.04330    0.09250    0.36988    -0.03370    
48.07450    0.74010    0.04230    0.09100    0.39899    -0.02708    
48.44720    0.74320    0.04000    0.09170    0.41309    -0.01954    
48.81990    0.74270    0.03950    0.09070    0.41885    -0.01534    
49.19260    0.73990    0.03850    0.09080    0.41925    -0.01416    
49.56520    0.74010    0.03730    0.09080    0.42633    -0.01298    
49.93790    0.74080    0.03650    0.09180    0.43675    -0.01016    
50.31060    0.73580    0.03790    0.09020    0.44921    -0.01095    
50.68320    0.73620    0.03670    0.08890    0.46874    -0.01528    
51.05590    0.73930    0.03480    0.08900    0.47150    -0.02091    
51.42860    0.73740    0.03520    0.08660    0.48769    -0.02544    
51.80120    0.73200    0.03480    0.08410    0.49621    -0.02865    
52.17390    0.72610    0.03370    0.08260    0.50467    -0.03035    
52.54660    0.71870    0.03290    0.07840    0.49543    -0.03462    
52.91930    0.71780    0.03080    0.07800    0.48546    -0.03907    
53.29190    0.71160    0.02820    0.07580    0.47405    -0.03934    
53.66460    0.70170    0.02530    0.07610    0.46193    -0.04281    
54.03730    0.69030    0.02260    0.07570    0.43164    -0.04497    
54.40990    0.67590    0.01980    0.07740    0.42069    -0.04379    
54.78260    0.67720    0.02030    0.07870    0.40620    -0.05002    
55.15530    0.66970    0.02320    0.07760    0.38902    -0.05114    
55.52800    0.67010    0.02490    0.06940    0.38299    -0.05291    
55.90060    0.67160    0.02350    0.05930    0.38208    -0.05468    
56.27330    0.67430    0.02740    0.04440    0.37454    -0.05684    
56.64600    0.68410    0.04680    0.02160    0.40666    -0.05363    
57.01860    0.71800    0.06330    0.00950    0.42351    -0.05153    
57.39130    0.74430    0.07320    0.00840    0.45419    -0.05146    
57.76400    0.75220    0.07820    0.01360    0.47438    -0.04832    
58.13670    0.75520    0.07870    0.01850    0.50113    -0.04832    
58.50930    0.75320    0.07890    0.02630    0.51260    -0.04805    
58.88200    0.75150    0.07980    0.03240    0.51241    -0.04891    
59.25470    0.74940    0.08010    0.03840    0.50952    -0.05009    
59.62730    0.74900    0.07920    0.04530    0.51568    -0.04766    
60.00000    0.74670    0.07770    0.04940    0.51608    -0.04825    
60.37270    0.74710    0.07620    0.05410    0.51745    -0.04956    
60.74530    0.74760    0.07400    0.05840    0.50592    -0.04937    
61.11800    0.74790    0.07240    0.06320    0.50251    -0.04950    
61.49070    0.74690    0.07100    0.06750    0.51739    -0.04956    
61.86330    0.74280    0.07030    0.07080    0.51772    -0.04766    
62.23600    0.73800    0.06960    0.07400    0.50297    -0.04714    
62.60870    0.73450    0.06740    0.07600    0.50598    -0.04510    
62.98140    0.72680    0.06450    0.07740    0.49936    -0.04609    
63.35400    0.72310    0.06120    0.08010    0.50533    -0.04720    
63.72670    0.70870    0.05880    0.08060    0.51555    -0.04563    
64.09940    0.69590    0.05510    0.08420    0.51693    -0.04628    
64.47210    0.68360    0.05210    0.08310    0.51516    -0.04530    
64.84470    0.67660    0.04950    0.08380    0.52113    -0.04386    
65.21740    0.66560    0.04760    0.08190    0.52689    -0.04465    
65.59010    0.65820    0.04680    0.08140    0.52611    -0.04242    
65.96270    0.65640    0.04640    0.08060    0.53017    -0.03920    
66.33540    0.66240    0.04550    0.07870    0.53037    -0.03816    
66.70810    0.66810    0.04620    0.07810    0.53588    -0.03599    
67.08070    0.67840    0.04540    0.07890    0.53804    -0.02989    
67.45340    0.69240    0.04390    0.08010    0.53555    -0.02511    
67.82610    0.70360    0.04440    0.07940    0.53686    -0.02721    
68.19880    0.72000    0.04340    0.08120    0.53443    -0.02616    
68.57140    0.72940    0.04260    0.08340    0.53653    -0.02406    
68.94410    0.73940    0.04340    0.08240    0.53837    -0.02531    
69.31680    0.74550    0.04230    0.08530    0.53981    -0.02727    
69.68940    0.75110    0.04360    0.08580    0.54479    -0.02334    
70.06210    0.75220    0.04330    0.08770    0.53758    -0.02413    
70.43480    0.75580    0.04310    0.08950    0.54623    -0.02629    
70.80750    0.75430    0.04400    0.08960    0.54656    -0.03180    
71.18010    0.75380    0.04380    0.09220    0.54637    -0.03324    
71.55280    0.75710    0.04370    0.09320    0.54755    -0.03429    
71.92550    0.75370    0.04500    0.09430    0.54040    -0.03645    
72.29810    0.75240    0.04510    0.09570    0.51352    -0.03586    
72.67080    0.75480    0.04460    0.09620    0.45957    -0.04478    
73.04350    0.75110    0.04600    0.09650    0.42521    -0.05284    
73.41620    0.75330    0.04480    0.09690    0.42089    -0.05520    
73.78880    0.75350    0.04470    0.09770    0.41938    -0.05166    
74.16150    0.75010    0.04520    0.09820    0.39342    -0.05146    
74.53419    0.74970    0.04460    0.09940    0.37080    -0.05232    
74.90680    0.74560    0.04540    0.09750    0.39965    -0.05120    
75.27950    0.74900    0.04420    0.09760    0.41885    -0.04956    
75.65220    0.74790    0.04450    0.09770    0.44324    -0.04510    
76.02480    0.74990    0.04280    0.09800    0.45157    -0.04294    
76.39750    0.74920    0.04230    0.09830    0.42200    -0.04392    
76.77020    0.74940    0.04250    0.09690    0.36634    -0.04891    
77.14290    0.75020    0.04180    0.09780    0.33527    -0.05264    
77.51550    0.75040    0.04050    0.09780    0.30282    -0.05612    
77.88820    0.74880    0.04080    0.09640    0.30209    -0.05868    
78.26089    0.74850    0.04020    0.09630    0.31252    -0.06058    
78.63350    0.74190    0.04060    0.09460    0.34989    -0.05579    
79.00620    0.73590    0.04020    0.09390    0.37696    -0.05238    
79.37890    0.72690    0.04100    0.09050    0.42797    -0.04497    
79.75159    0.72930    0.04070    0.08880    0.44921    -0.04255    
80.12420    0.71250    0.03990    0.08530    0.44744    -0.04229    
80.49689    0.71490    0.03780    0.08470    0.46206    -0.04052    
80.86960    0.70770    0.03520    0.08370    0.47766    -0.04202    
81.24220    0.69270    0.03470    0.08030    0.47950    -0.04373    
81.61490    0.66590    0.03330    0.07860    0.49228    -0.04156    
81.98759    0.64990    0.03100    0.07900    0.50113    -0.04347    
82.36020    0.63450    0.03330    0.07760    0.51051    -0.04419    
82.73289    0.63020    0.03450    0.07650    0.50520    -0.04517    
83.10560    0.62730    0.03520    0.06940    0.50933    -0.04392    
83.47829    0.65760    0.02850    0.06100    0.50520    -0.04484    
83.85090    0.66650    0.02430    0.05390    0.49864    -0.04425    
84.22359    0.67070    0.03640    0.03610    0.50933    -0.04491    
84.59630    0.69180    0.05550    0.01890    0.50257    -0.04661    
84.96889    0.72260    0.06970    0.01370    0.51385    -0.04497    
85.34160    0.74450    0.07740    0.01840    0.51103    -0.04360    
85.71429    0.75190    0.08090    0.02700    0.50631    -0.04576    
86.08700    0.75350    0.08040    0.03430    0.51326    -0.04727    
86.45959    0.75250    0.07840    0.04090    0.50893    -0.04628    
86.83230    0.75080    0.07820    0.04500    0.51083    -0.04543    
87.20499    0.75010    0.07690    0.04990    0.51293    -0.04491    
87.57760    0.74830    0.07590    0.05280    0.50998    -0.04176    
87.95029    0.74790    0.07520    0.05590    0.52126    -0.04563    
88.32300    0.74720    0.07260    0.05890    0.51719    -0.04504    
88.69569    0.74700    0.07070    0.06080    0.52047    -0.04609    
89.06830    0.74580    0.06940    0.06420    0.52099    -0.04425    
89.44099    0.74500    0.06940    0.06710    0.51837    -0.04320    
89.81370    0.74240    0.06860    0.06790    0.51883    -0.04281    
90.18629    0.74410    0.06690    0.06930    0.52237    -0.04150    
90.55900    0.74420    0.06350    0.07010    0.52414    -0.04294    
90.93169    0.74610    0.06170    0.07050    0.52244    -0.04366    
91.30430    0.74920    0.06270    0.07170    0.53240    -0.04392    
91.67699    0.75050    0.06040    0.07620    0.53004    -0.04065    
92.04970    0.75220    0.06010    0.07640    0.53489    -0.04150    
92.42239    0.75240    0.05790    0.07590    0.52945    -0.04137    
92.79500    0.75290    0.05770    0.07750    0.53548    -0.04025    
93.16769    0.75460    0.05670    0.07830    0.53824    -0.03789    
93.54040    0.75320    0.05510    0.07960    0.53450    -0.03435    
93.91299    0.75180    0.05450    0.08170    0.53627    -0.03566    
94.28570    0.75240    0.05340    0.08280    0.53647    -0.03252    
94.65839    0.74790    0.05370    0.08200    0.53673    -0.02793    
95.03110    0.74790    0.05370    0.08200    0.53509    -0.02819    
95.40369    0.74230    0.05260    0.07940    0.54066    -0.02629    
95.77640    0.74060    0.05220    0.07870    0.54237    -0.02865    
96.14909    0.74290    0.05140    0.07890    0.54342    -0.02734    
96.52170    0.73860    0.05050    0.07850    0.54584    -0.03180    
96.89439    0.73660    0.05040    0.07800    0.54774    -0.02845    
97.26710    0.74010    0.04840    0.07770    0.54650    -0.02904    
97.63979    0.73870    0.04740    0.07830    0.54650    -0.03042    
98.01240    0.73550    0.04650    0.07550    0.54840    -0.03055    
98.38509    0.73980    0.04400    0.07600    0.54715    -0.03206    
98.75780    0.73410    0.04240    0.07380    0.54669    -0.03547    
99.13039    0.73710    0.04130    0.07110    0.54564    -0.03363    
99.50310    0.73490    0.03840    0.07140    0.53601    -0.03429    
99.87579    0.73340    0.03360    0.06830    0.51319    -0.03691    
100.24840    0.73140    0.02560    0.07070    0.46855    -0.03868    
100.62109    0.73840    0.01640    0.08000    0.41033    -0.04510    
100.99380    0.73190    0.01430    0.10050    0.34720    -0.05035    
101.36649    0.72360    0.02190    0.11630    0.32471    -0.05559    
101.73910    0.73090    0.04050    0.12100    0.31619    -0.05684    
102.11179    0.72950    0.04530    0.11760    0.29973    -0.05664    
102.48450    0.72790    0.04770    0.11390    0.26636    -0.06287    
102.85709    0.70320    0.05030    0.10780    0.25529    -0.06412    
103.22980    0.70300    0.05060    0.10460    0.27476    -0.06549    
103.60249    0.70060    0.05110    0.10280    0.31573    -0.06372    
103.97520    0.69820    0.05090    0.09950    0.36129    -0.05776    
104.34779    0.70830    0.05040    0.10260    0.38332    -0.05264    
104.72050    0.70470    0.05050    0.10160    0.39434    -0.05009    
105.09319    0.69510    0.05030    0.09650    0.39322    -0.05127    
105.46580    0.69860    0.05070    0.09410    0.40692    -0.04996    
105.83849    0.69590    0.05010    0.09050    0.39571    -0.05454    
106.21120    0.69310    0.04980    0.08860    0.40659    -0.05507    
106.58389    0.69350    0.04710    0.08640    0.42607    -0.05258    
106.95650    0.69450    0.04710    0.08520    0.43590    -0.05304    
107.32919    0.67320    0.04670    0.08060    0.43341    -0.05428    
107.70190    0.65450    0.04330    0.08080    0.46625    -0.05205    
108.07449    0.63810    0.03770    0.08030    0.45262    -0.05520    
108.44720    0.59500    0.03320    0.07500    0.45662    -0.05277    
108.81989    0.56030    0.02610    0.07650    0.45367    -0.05513    
109.19250    0.52720    0.02980    0.07830    0.47255    -0.05415    
109.56519    0.53280    0.03670    0.07990    0.47038    -0.05579    
109.93790    0.55400    0.04590    0.06770    0.47222    -0.05612    
110.31059    0.61240    0.04170    0.06460    0.48166    -0.05415    
110.68320    0.65020    0.03640    0.05840    0.46645    -0.05848    
111.05589    0.66070    0.03270    0.04900    0.47976    -0.05625    
111.42860    0.67970    0.03700    0.02960    0.48192    -0.05330    
111.80119    0.70700    0.04650    0.01260    0.48874    -0.05586    
112.17390    0.73520    0.05810    0.00420    0.48304    -0.05605    
112.54659    0.75490    0.06840    0.00760    0.46389    -0.05520    
112.91930    0.76370    0.07240    0.01520    0.42659    -0.05999    
113.29189    0.76480    0.07260    0.02520    0.38863    -0.06195    
113.66460    0.76510    0.07210    0.03360    0.35965    -0.06884    
114.03729    0.76320    0.07220    0.04150    0.35480    -0.06936    
114.40990    0.76020    0.07130    0.04750    0.36549    -0.06753    
114.78259    0.75130    0.07090    0.05230    0.39217    -0.06707    
115.15530    0.75160    0.07060    0.05700    0.41885    -0.06274    
115.52800    0.75180    0.07020    0.06180    0.44613    -0.05986    
115.90060    0.74720    0.06980    0.06480    0.46737    -0.05631    
116.27329    0.74620    0.06920    0.06430    0.48907    -0.05389    
116.64600    0.74150    0.06740    0.06740    0.49936    -0.05114    
117.01859    0.74370    0.06620    0.06780    0.51300    -0.05068    
117.39130    0.73680    0.06530    0.07070    0.51346    -0.04668    
117.76400    0.74330    0.06580    0.06880    0.51555    -0.04910    
118.13660    0.74080    0.06350    0.06970    0.52689    -0.04845    
118.50929    0.74510    0.05980    0.07060    0.52604    -0.04792    
118.88200    0.74160    0.06140    0.07320    0.52775    -0.04838    
119.25470    0.75260    0.06020    0.07230    0.52840    -0.04681    
119.62730    0.75100    0.05980    0.07360    0.53201    -0.04851    
120.00000    0.75610    0.06000    0.07420    0.53024    -0.05120    
120.37270    0.75570    0.05970    0.07320    0.52506    -0.04851    
120.74529    0.75210    0.05970    0.07340    0.52749    -0.04832    
121.11800    0.75270    0.05880    0.07440    0.51208    -0.04760    
121.49070    0.75130    0.05640    0.07630    0.51936    -0.04504    
121.86340    0.75200    0.05350    0.08010    0.51877    -0.03934    
122.23599    0.74490    0.05130    0.08140    0.52493    -0.03711    
122.60870    0.74140    0.05100    0.08590    0.51228    -0.04038    
122.98140    0.74300    0.05140    0.09250    0.52244    -0.04012    
123.35400    0.73360    0.05340    0.09470    0.52119    -0.03829    
123.72670    0.72780    0.05580    0.09800    0.52689    -0.03934    
124.09940    0.71420    0.06050    0.09730    0.53017    -0.03770    
124.47199    0.70170    0.06110    0.09710    0.53384    -0.04071    
124.84470    0.68450    0.06140    0.09400    0.53476    -0.03894    
125.21740    0.66820    0.05990    0.09310    0.53247    -0.04032    
125.59010    0.64890    0.05770    0.09060    0.54427    -0.04150    
125.96270    0.64240    0.05440    0.09010    0.54525    -0.04465    
126.33540    0.64580    0.05380    0.09000    0.54551    -0.04681    
126.70810    0.66260    0.05280    0.09140    0.54637    -0.04504    
127.08070    0.68880    0.05400    0.09390    0.54204    -0.04720    
127.45340    0.71160    0.05380    0.09650    0.52722    -0.04786    
127.82610    0.72510    0.05400    0.09970    0.49110    -0.05343    
128.19879    0.72910    0.05420    0.09790    0.44350    -0.05913    
128.57140    0.72280    0.05340    0.09710    0.40286    -0.06176    
128.94409    0.72360    0.05060    0.09680    0.37598    -0.06451    
129.31679    0.71620    0.04900    0.09560    0.36883    -0.05913    
129.68939    0.72350    0.04740    0.09800    0.32183    -0.05953    
130.06209    0.71850    0.04750    0.09650    0.25109    -0.06281    
130.43480    0.71690    0.04770    0.09720    0.21818    -0.07369    
130.80739    0.71740    0.04840    0.09590    0.21064    -0.07467    
131.18010    0.70520    0.04850    0.09260    0.24696    -0.07375    
131.55280    0.70580    0.04780    0.09270    0.29357    -0.06753    
131.92549    0.70480    0.04860    0.09090    0.35303    -0.06235    
132.29810    0.71240    0.04770    0.08900    0.37604    -0.06117    
132.67079    0.69070    0.04900    0.08810    0.40843    -0.05389    
133.04349    0.69190    0.04900    0.08550    0.43734    -0.05494    
133.41620    0.68470    0.04750    0.08360    0.43374    -0.05736    
133.78879    0.67270    0.04660    0.08110    0.43531    -0.05592    
134.16150    0.66450    0.04600    0.07810    0.44128    -0.05415    
134.53419    0.66960    0.04470    0.07780    0.44534    -0.05454    
134.90680    0.66080    0.04110    0.07590    0.43800    -0.05743    
135.27950    0.66060    0.04110    0.07730    0.45308    -0.05690    
135.65219    0.65420    0.03820    0.07840    0.45622    -0.05894    
136.02480    0.64070    0.03450    0.08280    0.44226    -0.05822    
136.39749    0.60870    0.02930    0.08790    0.44783    -0.05664    
136.77019    0.57530    0.03230    0.08850    0.45216    -0.05605    
137.14290    0.55660    0.04170    0.08710    0.45124    -0.05782    
137.51549    0.56580    0.05140    0.07810    0.49182    -0.05382    
137.88820    0.59050    0.05250    0.06740    0.49359    -0.05500    
138.26089    0.60520    0.05280    0.05980    0.49648    -0.05454    
138.63350    0.61260    0.05080    0.04570    0.49949    -0.04897    
139.00620    0.62750    0.05180    0.02830    0.48710    -0.05107    
139.37889    0.67250    0.05130    0.00910    0.49818    -0.04825    
139.75159    0.70980    0.05440    -0.00070    0.50546    -0.04701    
140.12419    0.73870    0.06180    -0.00160    0.49117    -0.04996    
140.49689    0.75170    0.06800    0.00340    0.49575    -0.04845    
140.86960    0.75750    0.06880    0.01110    0.49752    -0.04969    
141.24219    0.75920    0.06940    0.01920    0.50015    -0.05048    
141.61490    0.75670    0.07280    0.02670    0.49910    -0.04766    
141.98759    0.75650    0.07080    0.03350    0.50559    -0.04989    
142.36020    0.75500    0.07020    0.03850    0.49811    -0.05120    
142.73289    0.75380    0.07020    0.04370    0.50710    -0.04753    
143.10559    0.75420    0.06880    0.04640    0.50775    -0.04891    
143.47829    0.75480    0.06890    0.05020    0.50624    -0.04550    
143.85089    0.74990    0.06980    0.05420    0.50474    -0.05002    
144.22359    0.74990    0.06960    0.05630    0.51627    -0.04497    
144.59630    0.74710    0.06950    0.05880    0.51011    -0.04786    
144.96889    0.74460    0.06710    0.06160    0.51483    -0.04576    
145.34160    0.74540    0.06560    0.06400    0.52578    -0.04373    
145.71429    0.74850    0.06210    0.06620    0.52578    -0.04373    
146.08699    0.75050    0.05900    0.06860    0.53057    -0.04569    
146.45959    0.74810    0.05920    0.07220    0.53437    -0.04104    
146.83229    0.75270    0.06080    0.07330    0.53712    -0.04012    
147.20499    0.75220    0.06050    0.07590    0.53666    -0.04261    
147.57759    0.74890    0.05900    0.07700    0.53555    -0.04111    
147.95029    0.75230    0.05890    0.08000    0.53463    -0.04111    
148.32300    0.74870    0.05830    0.07890    0.53988    -0.03599    
148.69559    0.75240    0.05680    0.08080    0.53830    -0.03494    
149.06830    0.74540    0.05790    0.08100    0.53286    -0.03802    
149.44099    0.74580    0.05650    0.08390    0.53424    -0.03166    
149.81369    0.74380    0.05620    0.08350    0.53634    -0.02708    
150.18629    0.74220    0.05640    0.08420    0.53935    -0.02419    
150.55899    0.74210    0.05570    0.08490    0.53719    -0.02380    
150.93169    0.74440    0.05510    0.08670    0.53968    -0.02511    
151.30440    0.74510    0.05540    0.08850    0.53955    -0.02616    
151.67699    0.74210    0.05600    0.08850    0.54171    -0.02550    
152.04970    0.74510    0.05530    0.09060    0.54178    -0.02576    
152.42239    0.73510    0.05540    0.08850    0.54427    -0.02432    
152.79500    0.73890    0.05570    0.09050    0.54460    -0.02452    
153.16769    0.73790    0.05460    0.09080    0.54519    -0.02649    
153.54039    0.73720    0.05390    0.09110    0.54519    -0.02721    
153.91299    0.74080    0.05260    0.09210    0.54322    -0.03140    
154.28569    0.73510    0.05230    0.09220    0.54486    -0.03107    
154.65839    0.73660    0.05340    0.09350    0.54315    -0.03003    
155.03110    0.73930    0.05280    0.09480    0.52886    -0.03232    
155.40369    0.73280    0.05310    0.09410    0.49241    -0.03521    
155.77640    0.73650    0.05210    0.09280    0.43662    -0.04589    
156.14909    0.72860    0.05200    0.09420    0.40122    -0.05159    
156.52170    0.73360    0.05060    0.09360    0.39624    -0.05192    
156.89439    0.73570    0.04950    0.09510    0.39034    -0.04707    
157.26709    0.73340    0.04970    0.09780    0.34844    -0.05153    
157.63979    0.73640    0.04990    0.09690    0.35428    -0.05028    
158.01239    0.72970    0.05050    0.09530    0.36195    -0.04819    
158.38509    0.72210    0.05100    0.09680    0.38280    -0.04727    
158.75780    0.71490    0.05080    0.09510    0.40522    -0.04596    
159.13039    0.71260    0.05000    0.09460    0.44508    -0.04281    
159.50310    0.70030    0.04990    0.09570    0.46750    -0.04215    
159.87579    0.69130    0.04990    0.09470    0.48258    -0.03757    
160.24840    0.69220    0.04880    0.09890    0.47641    -0.04065    
160.62109    0.67850    0.04940    0.09830    0.50218    -0.03979    
160.99379    0.64620    0.04710    0.09540    0.49995    -0.03881    
161.36649    0.62840    0.04640    0.09090    0.51359    -0.03894    
161.73909    0.60290    0.04360    0.08560    0.52185    -0.03966    
162.11179    0.59340    0.04320    0.08020    0.53293    -0.03881    
162.48450    0.59230    0.04300    0.07690    0.53299    -0.03914    
162.85709    0.61650    0.04350    0.07490    0.53575    -0.03901    
163.22980    0.63820    0.04170    0.07560    0.53450    -0.04012    
163.60249    0.67730    0.03850    0.07240    0.53175    -0.04163    
163.97519    0.69810    0.03630    0.07320    0.52971    -0.04360    
164.34779    0.69370    0.03180    0.07470    0.52998    -0.04425    
164.72049    0.67940    0.02710    0.07480    0.52873    -0.04274    
165.09319    0.66670    0.02210    0.07410    0.52886    -0.04419    
165.46579    0.64640    0.02350    0.06600    0.52414    -0.04399    
165.83849    0.66370    0.02230    0.05940    0.53004    -0.04445    
166.21120    0.68410    0.01580    0.04810    0.52899    -0.04596    
166.58379    0.68860    0.01480    0.03580    0.53247    -0.04733    
166.95650    0.69030    0.02730    0.01920    0.53273    -0.04661    
167.32919    0.70830    0.04680    0.00790    0.53299    -0.04314    
167.70189    0.73840    0.05980    0.00730    0.53463    -0.04687    
168.07449    0.75640    0.06330    0.01100    0.53312    -0.04471    
168.44719    0.75930    0.06590    0.01840    0.53371    -0.04583    
168.81989    0.75770    0.06530    0.02640    0.53561    -0.04878    
169.19260    0.75670    0.06460    0.03290    0.53411    -0.04517    
169.56519    0.75260    0.06340    0.03960    0.53509    -0.04438    
169.93790    0.74490    0.06310    0.04740    0.53817    -0.04353    
170.31059    0.74920    0.06090    0.05140    0.53535    -0.04065    
170.68320    0.74810    0.06050    0.05770    0.53280    -0.04111    
171.05589    0.74550    0.06090    0.06040    0.52270    -0.04274    
171.42859    0.74310    0.06110    0.06390    0.51398    -0.04189    
171.80119    0.74280    0.06020    0.06790    0.49667    -0.04465    
172.17389    0.74510    0.05960    0.06970    0.48100    -0.04642    
172.54659    0.74250    0.06000    0.07250    0.45511    -0.04871    
172.91930    0.74740    0.05760    0.07370    0.43793    -0.05035    
173.29189    0.75000    0.05670    0.07520    0.41853    -0.05048    
173.66460    0.74760    0.05630    0.07620    0.40233    -0.05271    
174.03729    0.74810    0.05670    0.07710    0.39204    -0.05546    
174.40990    0.74740    0.05660    0.07900    0.38647    -0.05350    
174.78259    0.74930    0.05540    0.08070    0.38962    -0.05291    
175.15529    0.74520    0.05500    0.07800    0.39663    -0.05586    
175.52800    0.74200    0.05460    0.08000    0.41479    -0.05297    
175.90059    0.74340    0.05470    0.08420    0.42731    -0.05002    
176.27328    0.74200    0.05500    0.08350    0.44940    -0.04543    
176.64600    0.73620    0.05450    0.08360    0.47025    -0.04242    
177.01859    0.73180    0.05350    0.08070    0.49471    -0.03888    
177.39130    0.73530    0.05280    0.08450    0.50657    -0.03226    
177.76399    0.73470    0.05220    0.08360    0.52309    -0.02727    
178.13660    0.74470    0.05040    0.08760    0.53129    -0.02413    
178.50929    0.74580    0.04950    0.08810    0.53974    -0.02255    
178.88199    0.73570    0.04970    0.08760    0.54348    -0.02452    
179.25470    0.73800    0.04940    0.08720    0.54604    -0.02314    
179.62729    0.74600    0.04880    0.08750    0.54578    -0.02255    
180.00000    0.74400    0.04780    0.08990    0.54545    -0.02196    
180.37270    0.74400    0.04550    0.08490    0.54368    -0.02288    
180.74529    0.74090    0.04690    0.08920    0.54519    -0.02465    
181.11800    0.74200    0.04610    0.08970    0.54473    -0.02524    
181.49069    0.74140    0.04750    0.09010    0.54545    -0.02721    
181.86339    0.73330    0.05110    0.09220    0.54453    -0.03022    
182.23599    0.71520    0.05350    0.08890    0.54532    -0.03212    
182.60869    0.70340    0.05470    0.08580    0.54178    -0.03088    
182.98140    0.68190    0.05440    0.08180    0.52650    -0.03343    
183.35399    0.67120    0.05260    0.08070    0.48277    -0.03730    
183.72670    0.65010    0.05120    0.07560    0.42331    -0.04786    
184.09940    0.65420    0.04990    0.07650    0.40502    -0.05277    
184.47198    0.65360    0.04790    0.07690    0.40555    -0.04996    
184.84470    0.65680    0.04740    0.07820    0.40679    -0.04819    
185.21739    0.66890    0.04480    0.07980    0.40843    -0.04707    
185.59009    0.67510    0.04420    0.08000    0.42082    -0.04491    
185.96269    0.68430    0.03990    0.07960    0.41787    -0.04576    
186.33539    0.70480    0.03790    0.07790    0.44062    -0.04255    
186.70810    0.71150    0.03460    0.07430    0.45629    -0.04307    
187.08069    0.71970    0.03310    0.07030    0.47051    -0.04294    
187.45340    0.72380    0.03020    0.06840    0.48192    -0.04084    
187.82610    0.72780    0.02750    0.06440    0.48553    -0.03868    
188.19879    0.72100    0.02450    0.06240    0.49916    -0.03658    
188.57140    0.71310    0.02160    0.06030    0.50572    -0.03888    
188.94409    0.69870    0.01730    0.05930    0.51490    -0.03809    
189.31679    0.69250    0.01240    0.06240    0.51739    -0.03875    
189.68939    0.67470    0.00780    0.06610    0.51437    -0.03730    
190.06209    0.66390    0.00340    0.07550    0.51424    -0.03724    
190.43480    0.65670    -0.00020    0.08730    0.52172    -0.03737    
190.80739    0.65080    0.00160    0.09700    0.52060    -0.03737    
191.18010    0.65080    0.00600    0.10130    0.51772    -0.03999    
191.55280    0.64980    0.00730    0.09940    0.52296    -0.03894    
191.92549    0.64490    0.00900    0.09860    0.52440    -0.03848    
192.29810    0.62740    0.00820    0.09710    0.51863    -0.03966    
192.67079    0.63490    0.01050    0.09790    0.52008    -0.04065    
193.04349    0.60230    0.01400    0.09530    0.52185    -0.04202    
193.41620    0.60800    0.01650    0.08730    0.52086    -0.04235    
193.78879    0.62490    0.01580    0.07000    0.52132    -0.04215    
194.16150    0.65910    0.00950    0.06140    0.51503    -0.04229    
194.53419    0.68750    0.01650    0.04710    0.51988    -0.04038    
194.90680    0.71050    0.03530    0.03250    0.51129    -0.04183    
195.27950    0.74070    0.05170    0.02720    0.49988    -0.04314    
195.65219    0.75470    0.05800    0.02970    0.48055    -0.04589    
196.02480    0.75950    0.06010    0.03430    0.44934    -0.04897    
196.39749    0.75930    0.06110    0.03940    0.42823    -0.04766    
196.77019    0.75910    0.06130    0.04720    0.39237    -0.05461    
197.14290    0.75910    0.06230    0.05300    0.37460    -0.05828    
197.51549    0.75770    0.06230    0.05750    0.36942    -0.05690    
197.88820    0.75590    0.06180    0.05990    0.38240    -0.05664    
198.26089    0.75340    0.06020    0.06330    0.39617    -0.05271    
198.63350    0.75560    0.05900    0.06570    0.42220    -0.05218    
199.00620    0.75570    0.05750    0.06780    0.44908    -0.04976    
199.37889    0.75250    0.05660    0.07030    0.47438    -0.04386    
199.75159    0.74710    0.05750    0.07300    0.49438    -0.04137    
200.12419    0.75160    0.05670    0.07440    0.50362    -0.04156    
200.49689    0.74620    0.05730    0.07610    0.51418    -0.04091    
200.86960    0.75210    0.05490    0.07820    0.52145    -0.03776    
201.24219    0.75010    0.05310    0.07810    0.52880    -0.03724    
201.61490    0.75160    0.05370    0.07850    0.53260    -0.03783    
201.98759    0.75610    0.05200    0.08150    0.53758    -0.03593    
202.36020    0.75250    0.05140    0.08040    0.53542    -0.03573    
202.73289    0.74840    0.05090    0.07970    0.53915    -0.03481    
203.10559    0.74720    0.04950    0.08130    0.54014    -0.03514    
203.47829    0.75640    0.04860    0.08430    0.54027    -0.03324    
203.85089    0.75720    0.04790    0.08200    0.53955    -0.03094    
204.22359    0.75560    0.04740    0.08330    0.54125    -0.03258    
204.59630    0.75260    0.04790    0.08450    0.53791    -0.03304    
204.96889    0.75030    0.04760    0.08340    0.54086    -0.03271    
205.34160    0.76150    0.04640    0.08730    0.54558    -0.02419    
205.71429    0.75970    0.04530    0.08530    0.54230    -0.01973    
206.08699    0.75770    0.04630    0.08690    0.54643    -0.01947    
206.45959    0.75800    0.04510    0.08570    0.54394    -0.01750    
206.83229    0.75980    0.04520    0.08730    0.54387    -0.02032    
207.20499    0.76320    0.04480    0.08880    0.54538    -0.02013    
207.57759    0.75900    0.04430    0.08730    0.54473    -0.01882    
207.95029    0.75800    0.04370    0.08700    0.54427    -0.02085    
208.32300    0.75670    0.04380    0.08840    0.54637    -0.02085    
208.69559    0.75980    0.04290    0.08770    0.54669    -0.02209    
209.06830    0.75970    0.04140    0.08910    0.54650    -0.02596    
209.44099    0.75580    0.04210    0.08920    0.54722    -0.02681    
209.81369    0.75450    0.04090    0.09200    0.54453    -0.02590    
210.18629    0.75620    0.04060    0.09220    0.54040    -0.02799    
210.55899    0.75600    0.04060    0.09140    0.51995    -0.03134    
210.93169    0.75240    0.04050    0.09180    0.47320    -0.03658    
211.30440    0.75530    0.04010    0.09170    0.40777    -0.04687    
211.67699    0.75580    0.04060    0.09270    0.40122    -0.05297    
212.04970    0.75600    0.04060    0.09140    0.40961    -0.05041    
212.42239    0.75660    0.03980    0.09240    0.43007    -0.04609    
212.79500    0.75150    0.04170    0.09150    0.43964    -0.04510    
213.16769    0.74850    0.04030    0.09150    0.46383    -0.04320    
213.54039    0.75350    0.04020    0.09170    0.46750    -0.04255    
213.91299    0.75120    0.04110    0.09150    0.47950    -0.04006    
214.28569    0.74820    0.03980    0.08920    0.46579    -0.04104    
214.65839    0.74960    0.03970    0.08980    0.47537    -0.04124    
215.03110    0.73980    0.04000    0.08580    0.48409    -0.04176    
215.40369    0.74190    0.03770    0.08540    0.49654    -0.04045    
215.77640    0.73440    0.03890    0.08390    0.50808    -0.03835    
216.14909    0.75320    0.03770    0.08430    0.50500    -0.03966    
216.52170    0.74930    0.03710    0.08250    0.51155    -0.04045    
216.89439    0.75300    0.03610    0.08000    0.51221    -0.03966    
217.26709    0.73740    0.03570    0.07940    0.51608    -0.04097    
217.63979    0.74600    0.03330    0.07660    0.51582    -0.04170    
218.01239    0.74550    0.03280    0.07560    0.51051    -0.04012    
218.38509    0.74180    0.03210    0.07450    0.52401    -0.04104    
218.75780    0.73890    0.03120    0.07240    0.52676    -0.03947    
219.13039    0.73400    0.02870    0.07110    0.52316    -0.03894    
219.50310    0.73090    0.02710    0.07100    0.53188    -0.03907    
219.87579    0.71800    0.02520    0.07180    0.52821    -0.03586    
220.24840    0.70850    0.02480    0.07240    0.52276    -0.03625    
220.62109    0.69370    0.02730    0.07210    0.51732    -0.03291    
220.99379    0.66690    0.02940    0.06760    0.52473    -0.03127    
221.36649    0.66670    0.02850    0.05820    0.52604    -0.02878    
221.73909    0.66990    0.02560    0.04530    0.52742    -0.02517    
222.11179    0.67690    0.03110    0.03140    0.53063    -0.02432    
222.48450    0.68910    0.04770    0.01240    0.53017    -0.02439    
222.85709    0.72320    0.06320    0.00330    0.53070    -0.02268    
223.22980    0.74620    0.07050    0.00680    0.53201    -0.01757    
223.60249    0.75590    0.07200    0.01290    0.52912    -0.01882    
223.97519    0.75790    0.07130    0.02180    0.52696    -0.01632    
224.34779    0.75620    0.07020    0.02840    0.52722    -0.01554    
224.72049    0.75260    0.06960    0.03410    0.51975    -0.01016    
225.09319    0.75170    0.06850    0.03800    0.52099    -0.01265    
225.46579    0.75150    0.06610    0.04390    0.51542    -0.01049    
225.83849    0.74880    0.06420    0.04690    0.51516    -0.01075    
226.21120    0.75260    0.06190    0.05010    0.51339    -0.01278    
226.58379    0.75310    0.06120    0.05230    0.52172    -0.01324    
226.95650    0.75150    0.06130    0.05600    0.51818    -0.01390    
227.32919    0.75070    0.06000    0.05900    0.51339    -0.01829    
227.70189    0.75120    0.05980    0.06060    0.51686    -0.02104    
228.07449    0.74840    0.06020    0.06250    0.52139    -0.01954    
228.44719    0.74850    0.05690    0.06330    0.51922    -0.02354    
228.81989    0.74790    0.05430    0.06420    0.52322    -0.02465    
229.19260    0.75340    0.05420    0.06660    0.52093    -0.02576    
229.56519    0.75140    0.05320    0.06890    0.52211    -0.02760    
229.93790    0.75090    0.05250    0.07010    0.53103    -0.03048    
230.31059    0.75520    0.05020    0.07290    0.53207    -0.02773    
230.68320    0.75440    0.05020    0.07590    0.52965    -0.02845    
231.05589    0.75330    0.04960    0.07670    0.52440    -0.02996    
231.42859    0.75270    0.04880    0.07790    0.51844    -0.03055    
231.80119    0.75130    0.04890    0.07740    0.50447    -0.02996    
232.17389    0.75200    0.04810    0.07840    0.48743    -0.03252    
232.54659    0.74880    0.04800    0.07820    0.46927    -0.03376    
232.91930    0.75090    0.04810    0.08060    0.44777    -0.03166    
233.29189    0.74890    0.04660    0.07830    0.42823    -0.03566    
233.66460    0.75120    0.04660    0.08150    0.40869    -0.03698    
234.03729    0.75140    0.04530    0.08160    0.39768    -0.03645    
234.40990    0.75460    0.04350    0.08240    0.38286    -0.03940    
234.78259    0.75760    0.04410    0.08530    0.37893    -0.04032    
235.15529    0.75720    0.04410    0.08570    0.37867    -0.03842    
235.52800    0.76210    0.04380    0.08810    0.38116    -0.03999    
235.90059    0.75650    0.04490    0.08800    0.39001    -0.03743    
236.27328    0.75870    0.04510    0.08910    0.40522    -0.03671    
236.64600    0.75800    0.04500    0.08890    0.41826    -0.03593    
237.01859    0.75820    0.04500    0.08970    0.43872    -0.03186    
237.39130    0.75340    0.04530    0.08930    0.45570    -0.03055    
237.76399    0.75200    0.04480    0.08940    0.46219    -0.02963    
238.13660    0.75020    0.04510    0.08930    0.45380    -0.03422    
238.50929    0.75660    0.04310    0.09240    0.42056    -0.03947    
238.88199    0.74900    0.04370    0.09090    0.39368    -0.04805    
239.25470    0.74330    0.04470    0.08960    0.40207    -0.04996    
239.62729    0.74370    0.04390    0.08980    0.42285    -0.04543    
240.00000    0.74370    0.04350    0.08830    0.41964    -0.04392    
240.37270    0.74930    0.04250    0.08960    0.39755    -0.04753    
240.74529    0.74710    0.04220    0.09050    0.40345    -0.04805    
241.11800    0.75060    0.04240    0.09140    0.40994    -0.04701    
241.49069    0.74540    0.04230    0.09250    0.41715    -0.04740    
241.86339    0.74450    0.04310    0.09280    0.42561    -0.04353    
242.23599    0.73770    0.04340    0.09450    0.43223    -0.04602    
242.60869    0.72940    0.04450    0.09510    0.44685    -0.04563    
242.98140    0.71870    0.04600    0.09610    0.45019    -0.04314    
243.35399    0.70420    0.04750    0.09620    0.45157    -0.04379    
243.72670    0.69110    0.04830    0.09400    0.44980    -0.04386    
244.09940    0.67610    0.04640    0.09190    0.44999    -0.04451    
244.47198    0.67100    0.04900    0.08790    0.45734    -0.04333    
244.84470    0.64960    0.04880    0.08530    0.45773    -0.04432    
245.21739    0.65530    0.05130    0.08210    0.46219    -0.04412    
245.59009    0.63950    0.05090    0.07820    0.47156    -0.04484    
245.96269    0.61730    0.04950    0.07540    0.47969    -0.04255    
246.33539    0.58800    0.04660    0.07130    0.47956    -0.04366    
246.70810    0.56450    0.04700    0.07050    0.47969    -0.04399    
247.08069    0.56690    0.04890    0.06770    0.47333    -0.04766    
247.45340    0.60010    0.05030    0.06520    0.48173    -0.04458    
247.82610    0.62610    0.04460    0.06390    0.47412    -0.04556    
248.19879    0.66510    0.03900    0.06170    0.47281    -0.04517    
248.57140    0.67360    0.03350    0.05880    0.47917    -0.04550    
248.94409    0.69550    0.02410    0.05390    0.48048    -0.04202    
249.31679    0.68310    0.01710    0.04380    0.46868    -0.04517    
249.68939    0.67780    0.02200    0.02960    0.46402    -0.04373    
250.06209    0.68700    0.03940    0.01330    0.41938    -0.04746    
250.43480    0.72320    0.05560    0.00870    0.39381    -0.05159    
250.80739    0.74690    0.06370    0.01000    0.36162    -0.05638    
251.18010    0.75360    0.06820    0.01590    0.32340    -0.05907    
251.55280    0.75140    0.07030    0.02440    0.30563    -0.05841    
251.92549    0.75210    0.07110    0.03250    0.29423    -0.06287    
252.29810    0.75210    0.07210    0.03830    0.30596    -0.06104    
252.67079    0.74930    0.07180    0.04460    0.32543    -0.05579    
253.04349    0.74600    0.07040    0.04860    0.35513    -0.05081    
253.41620    0.74660    0.06890    0.05220    0.38542    -0.04510    
253.78879    0.74670    0.06790    0.05580    0.42226    -0.03770    
254.16150    0.74710    0.06650    0.05860    0.44763    -0.02924    
254.53419    0.74480    0.06560    0.06000    0.47340    -0.02334    
254.90680    0.74690    0.06570    0.06240    0.48618    -0.01842    
255.27950    0.74380    0.06560    0.06420    0.50100    -0.01770    
255.65219    0.74390    0.06350    0.06690    0.50375    -0.01875    
256.02478    0.74700    0.06010    0.06910    0.50179    -0.01757    
256.39749    0.74210    0.05970    0.06820    0.50742    -0.01816    
256.77017    0.75150    0.05880    0.07170    0.51103    -0.01750    
257.14288    0.74930    0.05780    0.07210    0.50369    -0.01973    
257.51547    0.75270    0.05500    0.07440    0.50539    -0.01986    
257.88818    0.74480    0.05510    0.07270    0.52395    -0.02150    
258.26089    0.74210    0.05490    0.07410    0.52912    -0.02183    
258.63348    0.74710    0.05330    0.07780    0.52853    -0.02393    
259.00620    0.74130    0.05300    0.07570    0.53030    -0.02439    
259.37888    0.73440    0.05250    0.07800    0.53843    -0.02491    
259.75159    0.73350    0.05190    0.07960    0.53830    -0.02511    
260.12418    0.73310    0.05250    0.08160    0.53666    -0.02576    
260.49689    0.72660    0.05280    0.08280    0.53594    -0.02550    
260.86960    0.73720    0.05180    0.08350    0.53542    -0.01980    
261.24219    0.73370    0.05200    0.08420    0.53896    -0.01796    
261.61490    0.72520    0.05340    0.08370    0.54322    -0.01547    
261.98758    0.73720    0.05150    0.08570    0.53994    -0.01993    
262.36029    0.74070    0.05140    0.08880    0.54066    -0.02006    
262.73288    0.74250    0.05170    0.08820    0.54479    -0.01973    
263.10559    0.74390    0.04920    0.09180    0.54217    -0.02118    
263.47827    0.73460    0.05010    0.09100    0.54250    -0.02242    
263.85089    0.74150    0.05020    0.09280    0.54512    -0.02452    
264.22357    0.73940    0.04980    0.09250    0.54328    -0.02649    
264.59628    0.71730    0.05140    0.08960    0.54505    -0.02904    
264.96887    0.72360    0.05090    0.09180    0.54532    -0.02983    
265.34158    0.70570    0.05400    0.08730    0.54178    -0.03468    
265.71429    0.71590    0.05330    0.09350    0.53594    -0.03330    
266.08688    0.70930    0.05380    0.09050    0.50821    -0.03586    
266.45959    0.69680    0.05400    0.08840    0.44619    -0.04222    
266.83228    0.68230    0.05400    0.08310    0.40246    -0.05068    
267.20499    0.68610    0.05130    0.08320    0.38240    -0.05566    
267.57758    0.71600    0.04790    0.08720    0.36693    -0.05218    
267.95029    0.71470    0.04650    0.08890    0.33114    -0.05546    
268.32300    0.73010    0.04710    0.09000    0.31560    -0.05592    
268.69559    0.73690    0.04800    0.09040    0.29652    -0.05592    
269.06830    0.73500    0.04830    0.08820    0.28479    -0.05802    
269.44098    0.70660    0.05070    0.08740    0.28184    -0.05782    
269.81369    0.71730    0.04950    0.08340    0.28741    -0.05854    
270.18628    0.71630    0.04900    0.08290    0.30000    -0.05730    
270.55899    0.70990    0.04940    0.08060    0.32078    -0.05625    
270.93167    0.71710    0.04680    0.08180    0.34425    -0.05376    
271.30438    0.70710    0.04590    0.07980    0.36995    -0.05212    
271.67697    0.70240    0.04460    0.07910    0.38122    -0.04996    
272.04968    0.68960    0.04460    0.07810    0.39670    -0.04982    
272.42239    0.68880    0.04390    0.07850    0.41505    -0.04996    
272.79498    0.66550    0.04400    0.07610    0.42220    -0.04917    
273.16769    0.64840    0.04310    0.07190    0.43007    -0.04766    
273.54037    0.62450    0.04240    0.07050    0.43787    -0.04609    
273.91309    0.60490    0.04090    0.06710    0.43210    -0.04891    
274.28568    0.59980    0.03910    0.06980    0.42443    -0.05146    
274.65839    0.59010    0.03790    0.07230    0.41374    -0.05336    
275.03110    0.58530    0.03940    0.07280    0.40181    -0.05225    
275.40369    0.59450    0.04340    0.06970    0.38962    -0.05592    
275.77640    0.61840    0.04360    0.06800    0.36877    -0.05809    
276.14908    0.61460    0.04830    0.06460    0.35100    -0.06222    
276.52170    0.63430    0.04490    0.05520    0.32924    -0.06602    
276.89438    0.65310    0.03670    0.04310    0.31481    -0.06687    
277.26709    0.65960    0.03070    0.02500    0.31711    -0.06805    
277.63968    0.68090    0.03690    0.00850    0.32275    -0.06897    
278.01239    0.71110    0.04920    0.00110    0.32851    -0.06890    
278.38507    0.73640    0.05640    0.00260    0.35598    -0.06510    
278.75778    0.74490    0.05840    0.01010    0.37722    -0.06149    
279.13037    0.74410    0.05540    0.01670    0.40220    -0.06005    
279.50308    0.74390    0.05500    0.02700    0.42731    -0.05500    
279.87579    0.74450    0.05490    0.03590    0.45353    -0.05107    
280.24838    0.74320    0.05720    0.04520    0.47464    -0.04864    
280.62109    0.73880    0.05840    0.05020    0.49156    -0.04812    
280.99377    0.73970    0.05970    0.05680    0.50388    -0.04760    
281.36649    0.73790    0.06110    0.06070    0.51647    -0.04622    
281.73907    0.73970    0.06110    0.06440    0.52119    -0.04484    
282.11179    0.74110    0.06110    0.06650    0.52250    -0.04773    
282.48450    0.73730    0.06180    0.06740    0.52237    -0.04576    
282.85709    0.73570    0.06140    0.06870    0.52342    -0.04635    
283.22980    0.73310    0.06040    0.06950    0.52991    -0.04707    
283.60248    0.73610    0.05830    0.07180    0.52749    -0.04379    
283.97519    0.73910    0.05610    0.07400    0.53496    -0.04491    
284.34778    0.74330    0.05630    0.07570    0.52722    -0.04524    
284.72049    0.74020    0.05680    0.07690    0.52139    -0.04478    
285.09317    0.74360    0.05450    0.07880    0.52709    -0.04556    
285.46588    0.74280    0.05270    0.07830    0.53378    -0.04379    
285.83847    0.74750    0.05240    0.07990    0.53266    -0.04491    
286.21118    0.75090    0.05190    0.07950    0.53679    -0.04615    
286.58389    0.75350    0.05130    0.08080    0.53273    -0.04294    
286.95648    0.75370    0.05120    0.08170    0.53856    -0.03999    
287.32919    0.75260    0.05070    0.08250    0.54479    -0.03658    
287.70187    0.75260    0.05110    0.08400    0.53942    -0.03678    
288.07449    0.75240    0.05130    0.08310    0.53955    -0.03121    
288.44717    0.75000    0.05090    0.08540    0.53817    -0.02930    
288.81989    0.75480    0.05070    0.08570    0.53929    -0.02622    
289.19247    0.75380    0.05130    0.08730    0.53758    -0.02393    
289.56519    0.75200    0.05230    0.08650    0.54047    -0.02478    
289.93790    0.75080    0.05430    0.08810    0.53889    -0.02367    
290.31049    0.74850    0.05380    0.08910    0.54001    -0.02242    
290.68320    0.74980    0.05350    0.08980    0.54060    -0.02517    
291.05588    0.74190    0.05380    0.08810    0.54420    -0.02262    
291.42859    0.74640    0.05290    0.08950    0.54243    -0.02367    
291.80118    0.74040    0.05250    0.08890    0.54564    -0.02688    
292.17389    0.73350    0.05240    0.08700    0.54623    -0.02976    
292.54657    0.73750    0.05040    0.08810    0.54663    -0.02675    
292.91928    0.73860    0.05200    0.09150    0.54355    -0.02655    
293.29187    0.73970    0.05170    0.09340    0.51936    -0.03003    
293.66458    0.73320    0.05210    0.09050    0.47183    -0.03507    
294.03729    0.73930    0.05140    0.09030    0.40528    -0.04314    
294.40988    0.73670    0.05100    0.09060    0.35651    -0.05677    
294.78259    0.73330    0.05220    0.09050    0.34032    -0.05638    
295.15527    0.72650    0.05250    0.09100    0.32393    -0.05730    
295.52798    0.73070    0.05150    0.08920    0.32281    -0.05402    
295.90057    0.73370    0.05110    0.08910    0.32229    -0.05546    
296.27328    0.73020    0.04960    0.08960    0.32897    -0.05218    
296.64600    0.73320    0.04920    0.08950    0.33527    -0.05041    
297.01859    0.74030    0.04800    0.09130    0.33376    -0.05107    
297.39130    0.73570    0.04880    0.08990    0.33500    -0.04746    
297.76398    0.73310    0.04800    0.08860    0.34045    -0.04956    
298.13669    0.73380    0.04650    0.09030    0.36759    -0.04615    
298.50928    0.71740    0.04710    0.08850    0.38489    -0.04510    
298.88199    0.72010    0.04610    0.08960    0.41728    -0.03953    
299.25470    0.72660    0.04440    0.09180    0.44173    -0.03796    
299.62729    0.71930    0.04460    0.09290    0.47360    -0.03658    
300.00000    0.70970    0.04620    0.09140    0.47740    -0.03724    
300.37268    0.71890    0.04550    0.09260    0.48992    -0.03855    
300.74527    0.70630    0.04670    0.09280    0.50185    -0.03698    
301.11798    0.68470    0.04870    0.08980    0.49143    -0.03770    
301.49069    0.66810    0.04850    0.08770    0.48553    -0.03979    
301.86328    0.64860    0.04590    0.08290    0.50992    -0.03940    
302.23599    0.63610    0.04330    0.08280    0.50926    -0.03894    
302.60867    0.61750    0.04000    0.08190    0.51241    -0.03986    
302.98138    0.61170    0.03720    0.08060    0.51844    -0.04071    
303.35397    0.61370    0.03260    0.08240    0.50769    -0.04078    
303.72668    0.61470    0.03030    0.08100    0.50277    -0.04137    
304.09940    0.61190    0.02450    0.07610    0.50841    -0.04097    
304.47198    0.60980    0.01750    0.07250    0.50349    -0.04156    
304.84470    0.60970    0.01290    0.06790    0.49490    -0.04445    
305.21738    0.61380    0.00810    0.06310    0.50670    -0.04248    
305.59009    0.62790    0.01060    0.04360    0.51136    -0.04268    
305.96268    0.64130    0.02790    0.02920    0.51647    -0.04130    
306.33539    0.66690    0.05590    0.01280    0.50506    -0.04399    
306.70810    0.70800    0.07040    0.01070    0.51719    -0.04196    
307.08069    0.73640    0.07770    0.02130    0.51464    -0.04248    
307.45340    0.74990    0.07830    0.03150    0.51208    -0.04274    
307.82608    0.75180    0.07770    0.03960    0.50637    -0.04248    
308.19879    0.75350    0.07570    0.04510    0.51588    -0.04353    
308.57138    0.75100    0.07420    0.05020    0.52735    -0.04111    
308.94409    0.74650    0.07310    0.05440    0.52139    -0.04025    
309.31677    0.74680    0.07290    0.05720    0.52932    -0.04432    
309.68948    0.74600    0.07150    0.06020    0.52952    -0.04202    
310.06207    0.74390    0.06810    0.06170    0.53502    -0.03993    
310.43478    0.74380    0.06860    0.06440    0.53673    -0.03960    
310.80750    0.74530    0.06800    0.06790    0.53784    -0.04111    
311.18008    0.74290    0.06590    0.06870    0.53994    -0.04032    
311.55280    0.74560    0.06330    0.07070    0.53489    -0.03796    
311.92548    0.74710    0.06030    0.07150    0.53765    -0.03855    
312.29810    0.74950    0.05860    0.07130    0.53575    -0.04084    
312.67078    0.75280    0.05950    0.07330    0.53778    -0.03855    
313.04349    0.75610    0.05820    0.07550    0.53994    -0.03802    
313.41608    0.75430    0.05570    0.07670    0.54027    -0.03724    
313.78879    0.75220    0.05520    0.07860    0.53745    -0.03586    
314.16150    0.75700    0.05350    0.08030    0.53398    -0.03455    
314.53409    0.75340    0.05280    0.08120    0.52788    -0.03330    
314.90680    0.75330    0.05280    0.08240    0.52991    -0.03278    
315.27948    0.75010    0.05260    0.08240    0.53089    -0.02668    
315.65219    0.74560    0.05260    0.08370    0.53312    -0.02878    
316.02478    0.74960    0.05180    0.08560    0.53325    -0.02209    
316.39749    0.75440    0.05160    0.08710    0.53293    -0.01796    
316.77017    0.74850    0.05120    0.08840    0.53266    -0.01377    
317.14288    0.75220    0.04970    0.09030    0.53673    -0.01351    
317.51547    0.74770    0.04860    0.08880    0.53915    -0.01331    
317.88818    0.74630    0.04810    0.09090    0.54296    -0.01495    
318.26089    0.74760    0.04580    0.09370    0.54368    -0.01193    
318.63348    0.74450    0.04490    0.09620    0.54197    -0.01042    
319.00620    0.74190    0.04380    0.09940    0.54355    -0.01095    
319.37888    0.73410    0.04280    0.10150    0.54309    -0.00911    
319.75159    0.72570    0.04250    0.10360    0.54591    -0.01233    
320.12418    0.71390    0.04410    0.10580    0.54584    -0.01337    
320.49689    0.70040    0.04240    0.10900    0.54643    -0.01121    
320.86960    0.68450    0.04120    0.10760    0.54551    -0.01206    
321.24219    0.66990    0.03890    0.10770    0.54342    -0.01547    
321.61490    0.65240    0.03650    0.10660    0.52958    -0.01639    
321.98758    0.63890    0.03600    0.10590    0.48454    -0.02393    
322.36029    0.62080    0.03410    0.10240    0.43452    -0.03094    
322.73288    0.61640    0.03630    0.10060    0.39945    -0.03763    
323.10559    0.61140    0.03790    0.09750    0.39270    -0.03743    
323.47827    0.60870    0.04080    0.09550    0.37041    -0.03743    
323.85089    0.61980    0.04380    0.09350    0.34720    -0.03737    
324.22357    0.63440    0.04800    0.08980    0.35159    -0.03776    
324.59628    0.64470    0.05240    0.08940    0.32071    -0.03979    
324.96887    0.65900    0.05460    0.08860    0.30406    -0.04569    
325.34158    0.66530    0.05660    0.08820    0.30898    -0.04628    
325.71429    0.67470    0.05840    0.08950    0.32170    -0.04478    
326.08688    0.68150    0.05820    0.08710    0.32806    -0.04432    
326.45959    0.68540    0.05920    0.08500    0.35421    -0.04288    
326.83228    0.68780    0.05980    0.08290    0.38594    -0.04189    
327.20499    0.68350    0.05930    0.08100    0.41158    -0.03947    
327.57758    0.67900    0.05940    0.07970    0.44436    -0.03861    
327.95029    0.67440    0.05790    0.07980    0.44632    -0.03770    
328.32300    0.66090    0.05690    0.07810    0.46298    -0.03914    
328.69559    0.64940    0.05520    0.07750    0.47143    -0.03750    
329.06830    0.64240    0.05250    0.07900    0.48297    -0.04065    
329.44098    0.62400    0.04810    0.07700    0.47392    -0.03947    
329.81369    0.60760    0.04460    0.07440    0.48468    -0.03822    
330.18628    0.59160    0.04010    0.07300    0.48631    -0.03809    
330.55899    0.58240    0.03490    0.07210    0.46855    -0.04143    
330.93167    0.57690    0.03420    0.07310    0.50965    -0.04111    
331.30438    0.57950    0.03370    0.07420    0.51529    -0.03868    
331.67697    0.58770    0.03420    0.07430    0.50506    -0.03881    
332.04968    0.60400    0.03420    0.07220    0.47714    -0.04425    
332.42239    0.61740    0.03110    0.06390    0.48133    -0.04176    
332.79498    0.64420    0.02570    0.05540    0.43675    -0.04406    
333.16769    0.65950    0.02550    0.04450    0.43085    -0.04497    
333.54037    0.67100    0.04350    0.02560    0.45098    -0.04569    
333.91309    0.69590    0.06010    0.01000    0.46868    -0.04596    
334.28568    0.73390    0.07040    0.00790    0.47917    -0.04543    
334.65839    0.75020    0.07530    0.01310    0.46311    -0.04589    
335.03110    0.75480    0.07560    0.01950    0.49084    -0.04438    
335.40369    0.75370    0.07700    0.02640    0.48166    -0.04406    
335.77640    0.75260    0.07830    0.03230    0.51536    -0.04294    
336.14908    0.74960    0.07620    0.03840    0.51870    -0.04274    
336.52170    0.74950    0.07430    0.04220    0.50919    -0.04176    
336.89438    0.74620    0.07360    0.04560    0.52217    -0.04268    
337.26709    0.74500    0.07380    0.04890    0.52237    -0.03993    
337.63968    0.74590    0.07110    0.05120    0.52034    -0.03934    
338.01239    0.74330    0.07020    0.05190    0.51477    -0.03920    
338.38507    0.74300    0.06640    0.05370    0.49595    -0.04038    
338.75778    0.74210    0.06540    0.05570    0.50723    -0.04137    
339.13037    0.74120    0.06290    0.05590    0.51719    -0.03652    
339.50308    0.74030    0.05840    0.05680    0.50093    -0.03724    
339.87579    0.74470    0.05480    0.05780    0.50978    -0.03757    
340.24838    0.74550    0.05010    0.06010    0.51044    -0.03717    
340.62109    0.74620    0.04730    0.06170    0.51129    -0.03743    
340.99377    0.74620    0.04530    0.06360    0.52250    -0.03612    
341.36649    0.74020    0.04410    0.06540    0.53188    -0.03566    
341.73907    0.73860    0.04230    0.06800    0.52381    -0.03593    
342.11179    0.73750    0.04120    0.06930    0.52637    -0.03724    
342.48450    0.73360    0.03950    0.07220    0.53909    -0.03658    
342.85709    0.71970    0.03960    0.07170    0.53581    -0.03481    
343.22980    0.71820    0.03900    0.07530    0.54125    -0.03258    
343.60248    0.72140    0.03510    0.07950    0.53404    -0.02550    
343.97519    0.71880    0.03510    0.08470    0.54224    -0.02465    
344.34778    0.71410    0.03210    0.08900    0.54073    -0.02163    
344.72049    0.71520    0.03080    0.09770    0.54112    -0.02104    
345.09317    0.71120    0.03100    0.10700    0.54394    -0.02268    
345.46588    0.70000    0.03210    0.11440    0.54158    -0.02163    
345.83847    0.69270    0.03510    0.12330    0.54289    -0.02367    
346.21118    0.67780    0.03740    0.12460    0.54151    -0.02432    
346.58389    0.66470    0.03520    0.12860    0.54361    -0.02177    
346.95648    0.64290    0.03440    0.12510    0.54283    -0.02150    
347.32919    0.62470    0.03170    0.11960    0.54440    -0.02485    
347.70187    0.60590    0.03210    0.11300    0.54532    -0.02753    
348.07449    0.59490    0.02800    0.10940    0.54374    -0.02852    
348.44717    0.58760    0.02920    0.10280    0.54217    -0.02845    
348.81989    0.59430    0.03260    0.09730    0.54125    -0.03206    
349.19247    0.61000    0.03440    0.09360    0.53004    -0.03245    
349.56519    0.63830    0.03580    0.09410    0.49110    -0.03560    
349.93790    0.65930    0.03880    0.09350    0.43151    -0.04268    
350.31049    0.67500    0.04310    0.09420    0.41000    -0.05120    
350.68320    0.70420    0.04500    0.09660    0.42148    -0.04786    
351.05588    0.70860    0.04760    0.09500    0.44344    -0.04425    
351.42859    0.71460    0.04830    0.09470    0.41754    -0.04124    
351.80118    0.71640    0.04720    0.09340    0.40745    -0.04065    
352.17389    0.71190    0.04670    0.09210    0.35389    -0.04451    
352.54657    0.71320    0.04520    0.09190    0.32111    -0.04609    
352.91928    0.71790    0.04320    0.09250    0.27640    -0.05225    
353.29187    0.71430    0.04220    0.09240    0.26872    -0.05743    
353.66458    0.71600    0.04280    0.09310    0.29849    -0.05481    
354.03729    0.71580    0.04220    0.09290    0.33822    -0.05140    
354.40988    0.71510    0.04230    0.09250    0.36798    -0.05009    
354.78259    0.71120    0.04150    0.09160    0.39342    -0.04583    
355.15527    0.70430    0.04200    0.08980    0.38194    -0.05015    
355.52798    0.70140    0.04250    0.08850    0.41289    -0.04786    
355.90057    0.70060    0.04060    0.08800    0.41781    -0.05028    
356.27328    0.69660    0.04000    0.08470    0.44252    -0.04674    
356.64600    0.69610    0.03870    0.08430    0.46009    -0.04779    
357.01859    0.69750    0.03790    0.08350    0.48146    -0.04694    
357.39130    0.69620    0.03750    0.08210    0.49641    -0.04714    
357.76398    0.69580    0.03540    0.08120    0.50965    -0.04589    
358.13669    0.68590    0.03410    0.07880    0.51870    -0.04661    
358.50928    0.67960    0.03170    0.07630    0.51863    -0.04779    
358.88199    0.67640    0.02900    0.07560    0.52742    -0.04668    
359.25470    0.67070    0.02900    0.07680    0.52099    -0.04773    
359.62729    0.66640    0.03020    0.07720    0.52165    -0.05028    
360.00000    0.66190    0.03100    0.07500    0.52165    -0.04786    
