TITLE:  An Experimental Investigation of the Flow through an Axial-Flow Pump
AUTHORS:  Zierke, Straka, and Taylor
JOURNAL PAPER FIGURE(S):  NA
PSU/ARL TR 93-12 FIGURE(S):  28a
*****************************************************************************
DATA TITLE:  Circumferential Variation of Velocity and Pressure Downstream of 
             IGV Trailing Edge Measured with 5-Hole Probes (4.8% span)
MEASUREMENT TYPE:  5-hole probe wake rake survey
MEASUREMENT LOCATION:  49.7% IGV chord axially downstream of IGV trailing 
                       edge, at 4.8% span
NOMINAL CONDITIONS:  
  vinf = 35.0 ft/sec
  pref = 43.2 psia
  rho  = 1.932 slugs/ft^3
  rotor rpm  = 260
  Utip = 47.6 ft/sec
  IGV chord = 6.90 inches
  IGV span  = 10.50 inches
DATA COLUMNS:
  1 -- circumferential position in degrees
  2 -- nondimensional axial velocity, Vz / Utip,  [uncertainty: 0.02]
  3 -- nondimensional radial velocity, Vr / Utip,    [uncertainty: 0.02]
  4 -- nondimensional tangential velocity, Vtheta / Utip,  [uncertainty: 0.02]
  5 -- total pressure coefficient, Kpt = (ptot - pref) / (0.5 * rho * Utip^2)
  6 -- static pressure coefficient, Kpt = (psta - pref) / (0.5 * rho * Utip^2)
*****************************************************************************
0.00000    0.69941    -0.00605    0.16483    0.51241    -0.00493    
0.37247    0.68892    -0.02582    0.16250    0.51120    0.00857    
0.74515    0.68651    -0.02489    0.16042    0.50674    0.00816    
1.11783    0.68374    -0.02304    0.15902    0.50234    0.00810    
1.49048    0.67895    -0.01940    0.15638    0.49502    0.00831    
1.86316    0.67382    -0.01678    0.15285    0.48327    0.00469    
2.23584    0.65745    -0.01198    0.14750    0.46551    0.01052    
2.60849    0.64253    -0.00673    0.14075    0.44197    0.00846    
2.98117    0.62304    -0.00012    0.13192    0.41259    0.00625    
3.35385    0.60050    0.00629    0.11867    0.38169    0.00627    
3.72650    0.58940    0.01090    0.10798    0.36424    0.00440    
4.09918    0.58565    0.01044    0.09907    0.35693    0.00337    
4.47186    0.59099    0.00639    0.09093    0.35994    0.00169    
4.84454    0.61548    -0.01008    0.08507    0.38768    0.00080    
5.21719    0.63771    -0.02574    0.08163    0.41866    0.00388    
5.58987    0.66463    -0.03875    0.08496    0.45271    0.00141    
5.96255    0.68654    -0.04966    0.09078    0.48809    0.00514    
6.33521    0.70466    -0.05852    0.09921    0.51600    0.00523    
6.70789    0.71645    -0.06353    0.10720    0.53792    0.00810    
7.08057    0.72476    -0.06529    0.11561    0.55097    0.00704    
7.45322    0.72439    -0.06585    0.12224    0.55658    0.01154    
7.82590    0.72620    -0.06436    0.12801    0.55793    0.00900    
8.19858    0.72611    -0.06360    0.13324    0.55784    0.00778    
8.57123    0.72463    -0.06268    0.13662    0.55776    0.00905    
8.94391    0.72464    -0.06183    0.14040    0.55919    0.00953    
9.31659    0.72377    -0.06023    0.14470    0.55770    0.00826    
9.68924    0.72308    -0.05854    0.14756    0.55770    0.00863    
10.06192    0.72277    -0.05766    0.15051    0.55917    0.00976    
10.43460    0.72457    -0.05697    0.15322    0.56071    0.00795    
10.80725    0.72303    -0.05614    0.15661    0.55927    0.00779    
11.17993    0.72201    -0.05521    0.15713    0.55926    0.00921    
11.55261    0.72393    -0.05471    0.15982    0.55790    0.00426    
11.92529    0.71996    -0.05445    0.16116    0.55639    0.00808    
12.29794    0.72054    -0.05291    0.16356    0.55647    0.00672    
12.67062    0.71942    -0.05188    0.16407    0.55793    0.00973    
13.04330    0.72178    -0.05131    0.16610    0.55803    0.00581    
13.41595    0.72060    -0.05117    0.16735    0.55950    0.00858    
13.78864    0.72351    -0.05063    0.16873    0.55961    0.00407    
14.16132    0.72039    -0.04960    0.16954    0.55812    0.00693    
14.53397    0.72051    -0.04803    0.17031    0.55671    0.00523    
14.90665    0.71932    -0.04788    0.17156    0.55819    0.00802    
15.27933    0.72006    -0.04715    0.17321    0.55827    0.00653    
15.65198    0.72026    -0.04717    0.17400    0.55830    0.00599    
16.02466    0.72133    -0.04567    0.17571    0.55840    0.00409    
16.39734    0.71924    -0.04555    0.17601    0.55692    0.00552    
16.76999    0.71874    -0.04464    0.17590    0.55692    0.00637    
17.14267    0.71870    -0.04386    0.17738    0.55699    0.00604    
17.51535    0.71881    -0.04379    0.17816    0.55848    0.00710    
17.88800    0.72017    -0.04318    0.17918    0.55855    0.00490    
18.26068    0.71833    -0.04220    0.17953    0.55709    0.00605    
18.63336    0.72046    -0.04165    0.18070    0.55719    0.00271    
19.00604    0.71766    -0.04059    0.18012    0.55568    0.00553    
19.37869    0.71667    -0.04123    0.18068    0.55713    0.00814    
19.75137    0.71879    -0.04068    0.18184    0.55723    0.00480    
20.12405    0.71852    -0.04056    0.18105    0.55865    0.00692    
20.49670    0.71980    -0.03987    0.18204    0.55873    0.00484    
20.86938    0.71961    -0.03985    0.18127    0.55869    0.00537    
21.24207    0.71861    -0.03901    0.18179    0.55726    0.00526    
21.61472    0.71861    -0.03901    0.18179    0.55726    0.00526    
21.98740    0.71798    -0.03817    0.18091    0.55578    0.00506    
22.36008    0.71880    -0.03735    0.18034    0.55724    0.00562    
22.73273    0.71727    -0.03724    0.18002    0.55575    0.00644    
23.10541    0.71809    -0.03642    0.17945    0.55722    0.00701    
23.47809    0.71854    -0.03652    0.17805    0.55571    0.00534    
23.85074    0.71710    -0.03487    0.17847    0.55283    0.00451    
24.22342    0.71747    -0.03487    0.17707    0.55278    0.00443    
24.59610    0.71530    -0.03393    0.17586    0.54981    0.00506    
24.96875    0.71324    -0.03290    0.17542    0.54833    0.00675    
25.34143    0.71086    -0.03192    0.17341    0.54532    0.00791    
25.71411    0.71041    -0.03110    0.17331    0.54387    0.00719    
26.08676    0.70975    -0.03026    0.17241    0.54240    0.00701    
26.45944    0.70724    -0.03005    0.17112    0.53940    0.00803    
26.83212    0.70513    -0.02830    0.16915    0.53643    0.00883    
27.20480    0.70377    -0.02748    0.16808    0.53202    0.00674    
27.57745    0.70173    -0.02582    0.16610    0.52614    0.00448    
27.95013    0.69433    -0.02272    0.16295    0.51872    0.00861    
28.32281    0.69215    -0.02182    0.16169    0.51429    0.00766    
28.69547    0.68739    -0.01822    0.15908    0.50698    0.00790    
29.06815    0.68207    -0.01622    0.15632    0.49813    0.00729    
29.44083    0.67503    -0.01237    0.15394    0.48935    0.00894    
29.81348    0.66944    -0.01038    0.15029    0.47903    0.00730    
30.18616    0.65597    -0.00528    0.14554    0.45848    0.00612    
30.55884    0.63735    0.00112    0.13869    0.43060    0.00434    
30.93149    0.61955    0.00693    0.12941    0.40561    0.00423    
31.30417    0.60251    0.01276    0.11836    0.37927    0.00137    
31.67685    0.59254    0.01664    0.10459    0.36481    0.00181    
32.04950    0.59144    0.01434    0.09300    0.36050    0.00117    
32.42218    0.61269    0.00090    0.08375    0.38245    -0.00067    
32.79486    0.63700    -0.01243    0.08111    0.41331    0.00004    
33.16751    0.66381    -0.02789    0.08279    0.45298    0.00387    
33.54019    0.69262    -0.04035    0.08848    0.49281    0.00272    
33.91287    0.71294    -0.05195    0.09748    0.52358    0.00212    
34.28555    0.72239    -0.05941    0.10686    0.54388    0.00608    
34.65820    0.72908    -0.06373    0.11467    0.55402    0.00423    
35.03088    0.72841    -0.06447    0.12189    0.55668    0.00607    
35.40356    0.72904    -0.06454    0.12802    0.55801    0.00492    
35.77621    0.72797    -0.06287    0.13374    0.55787    0.00506    
36.14890    0.72775    -0.06202    0.13893    0.55927    0.00547    
36.52158    0.72847    -0.06209    0.14362    0.56074    0.00455    
36.89423    0.72684    -0.06047    0.14772    0.55925    0.00444    
37.26691    0.72584    -0.05879    0.15199    0.55927    0.00482    
37.63959    0.72670    -0.05727    0.15521    0.55932    0.00283    
38.01224    0.72484    -0.05632    0.15778    0.55933    0.00483    
38.38492    0.72532    -0.05558    0.16089    0.55941    0.00331    
38.75760    0.72502    -0.05480    0.16382    0.55948    0.00295    
39.13025    0.72462    -0.05321    0.16522    0.55805    0.00181    
39.50293    0.72421    -0.05311    0.16664    0.55954    0.00344    
39.87561    0.72366    -0.05232    0.16876    0.55960    0.00366    
40.24826    0.72441    -0.05158    0.17042    0.55967    0.00215    
40.62094    0.72488    -0.05073    0.17127    0.56117    0.00277    
40.99362    0.72562    -0.05000    0.17292    0.56125    0.00127    
41.36630    0.72665    -0.05015    0.17388    0.56129    -0.00053    
41.73895    0.72463    -0.04839    0.17493    0.55986    0.00078    
42.11163    0.72516    -0.04764    0.17578    0.55991    -0.00017    
42.48431    0.72480    -0.04764    0.17719    0.55995    -0.00009    
42.85696    0.72541    -0.04698    0.17804    0.55854    -0.00262    
43.22964    0.72275    -0.04587    0.17823    0.55852    0.00124    
43.60233    0.72422    -0.04519    0.18002    0.56009    0.00009    
43.97498    0.72405    -0.04352    0.17998    0.56011    0.00054    
44.34766    0.72507    -0.04368    0.18093    0.56016    -0.00125    
44.72034    0.72476    -0.04280    0.18159    0.56020    -0.00093    
45.09299    0.72311    -0.04184    0.18273    0.56023    0.00117    
45.46567    0.72494    -0.04117    0.18310    0.56175    -0.00006    
45.83835    0.72513    -0.04119    0.18387    0.56179    -0.00058    
46.21100    0.72330    -0.04021    0.18422    0.56034    0.00057    
46.58368    0.72456    -0.03953    0.18522    0.56187    -0.00003    
46.95636    0.72437    -0.03951    0.18445    0.56183    0.00049    
47.32901    0.72564    -0.03882    0.18542    0.56192    -0.00157    
47.70169    0.72502    -0.03800    0.18455    0.56043    -0.00178    
48.07437    0.72393    -0.03706    0.18506    0.56045    -0.00030    
48.44705    0.72223    -0.03694    0.18398    0.55892    0.00105    
48.81970    0.72215    -0.03684    0.18397    0.56038    0.00264    
49.19238    0.72432    -0.03707    0.18367    0.56041    -0.00039    
49.56506    0.72381    -0.03617    0.18356    0.56041    0.00047    
49.93771    0.72242    -0.03529    0.18254    0.55891    0.00142    
50.31039    0.72299    -0.03532    0.18192    0.55890    0.00080    
50.68307    0.72287    -0.03376    0.18187    0.55748    -0.00031    
51.05573    0.72379    -0.03451    0.18135    0.56037    0.00137    
51.42841    0.72404    -0.03296    0.17991    0.55890    0.00017    
51.80109    0.72408    -0.03209    0.17918    0.55890    0.00043    
52.17374    0.72344    -0.03127    0.17830    0.55743    0.00025    
52.54642    0.72241    -0.03109    0.17735    0.55738    0.00205    
52.91910    0.72156    -0.03023    0.17569    0.55587    0.00240    
53.29175    0.72091    -0.02940    0.17481    0.55439    0.00223    
53.66443    0.72024    -0.02787    0.17243    0.54997    -0.00030    
54.03711    0.71821    -0.02759    0.17052    0.54988    0.00318    
54.40976    0.71612    -0.02586    0.16856    0.54546    0.00254    
54.78244    0.71294    -0.02480    0.16636    0.54099    0.00341    
55.15512    0.71264    -0.02331    0.16554    0.53810    0.00129    
55.52780    0.70720    -0.02126    0.16206    0.53067    0.00285    
55.90045    0.70270    -0.01929    0.15953    0.52475    0.00418    
56.27313    0.69933    -0.01673    0.15723    0.51744    0.00242    
56.64581    0.69114    -0.01448    0.15457    0.50710    0.00438    
57.01846    0.68740    -0.01263    0.15216    0.49975    0.00300    
57.39114    0.67468    -0.00840    0.14761    0.48209    0.00415    
57.76382    0.66541    -0.00620    0.14380    0.46588    0.00154    
58.13647    0.65078    -0.00181    0.13867    0.44384    0.00026    
58.50916    0.63367    0.00212    0.12958    0.41875    -0.00037    
58.88184    0.61755    0.00686    0.12133    0.39382    -0.00305    
59.25449    0.60470    0.01075    0.10782    0.37484    -0.00327    
59.62717    0.59640    0.01098    0.09779    0.36461    -0.00146    
59.99985    0.60430    0.00511    0.08548    0.37071    -0.00249    
60.37250    0.62308    -0.00533    0.07853    0.39295    -0.00222    
60.74518    0.65101    -0.01622    0.07907    0.42692    -0.00421    
61.11786    0.68145    -0.03066    0.08222    0.47257    -0.00039    
61.49051    0.70666    -0.04257    0.09286    0.51196    0.00121    
61.86319    0.72307    -0.05456    0.09836    0.53993    0.00345    
62.23587    0.73070    -0.06134    0.10711    0.55291    0.00273    
62.60852    0.73363    -0.06220    0.11457    0.55851    0.00226    
62.98120    0.73481    -0.06140    0.11935    0.56127    0.00227    
63.35388    0.73249    -0.06136    0.12459    0.55959    0.00272    
63.72656    0.73162    -0.06138    0.13027    0.55946    0.00241    
64.09921    0.73175    -0.06062    0.13404    0.55940    0.00125    
64.47189    0.73069    -0.06052    0.13749    0.56080    0.00328    
64.84457    0.73163    -0.05901    0.14073    0.56080    0.00119    
65.21722    0.72883    -0.05894    0.14524    0.55928    0.00247    
65.58990    0.72988    -0.05734    0.14925    0.56078    0.00144    
65.96259    0.72839    -0.05652    0.15262    0.55933    0.00125    
66.33524    0.72814    -0.05575    0.15556    0.55936    0.00083    
66.70792    0.72848    -0.05508    0.15788    0.55796    -0.00173    
67.08060    0.72654    -0.05405    0.16043    0.55943    0.00187    
67.45325    0.72678    -0.05329    0.16273    0.55949    0.00092    
67.82593    0.72680    -0.05252    0.16423    0.55953    0.00053    
68.19861    0.72723    -0.05178    0.16731    0.55963    -0.00095    
68.57126    0.72653    -0.05008    0.16790    0.55965    0.00006    
68.94394    0.72728    -0.04935    0.16955    0.55972    -0.00145    
69.31662    0.72543    -0.04927    0.17063    0.55826    -0.00058    
69.68927    0.72597    -0.04852    0.17149    0.55831    -0.00154    
70.06195    0.72538    -0.04674    0.17285    0.55982    0.00054    
70.43463    0.72605    -0.04690    0.17522    0.55992    -0.00119    
70.80731    0.72638    -0.04613    0.17529    0.55993    -0.00161    
71.17996    0.72608    -0.04525    0.17596    0.55997    -0.00129    
71.55264    0.72454    -0.04439    0.17711    0.55854    -0.00081    
71.92532    0.72498    -0.04355    0.17795    0.56005    -0.00016    
72.29797    0.72542    -0.04271    0.17878    0.56156    0.00049    
72.67065    0.72562    -0.04273    0.17956    0.56159    -0.00005    
73.04333    0.72614    -0.04200    0.18040    0.56165    -0.00098    
73.41599    0.72617    -0.04133    0.18187    0.56026    -0.00289    
73.78867    0.72555    -0.04050    0.18099    0.55878    -0.00309    
74.16135    0.72390    -0.03954    0.18213    0.55881    -0.00099    
74.53400    0.72230    -0.03934    0.18181    0.55878    0.00141    
74.90668    0.72298    -0.03930    0.18195    0.56025    0.00186    
75.27936    0.72339    -0.03863    0.18202    0.55883    -0.00013    
75.65201    0.72381    -0.03781    0.18284    0.56034    0.00053    
76.02469    0.72522    -0.03798    0.18239    0.56035    -0.00136    
76.39737    0.72319    -0.03698    0.18197    0.55886    0.00033    
76.77002    0.72319    -0.03698    0.18197    0.55886    0.00033    
77.14270    0.72400    -0.03616    0.18140    0.56033    0.00090    
77.51538    0.72400    -0.03616    0.18140    0.56033    0.00090    
77.88806    0.72507    -0.03546    0.18161    0.56038    -0.00064    
78.26071    0.72277    -0.03433    0.18040    0.56032    0.00316    
78.63339    0.72345    -0.03359    0.17907    0.56030    0.00268    
79.00607    0.72517    -0.03303    0.17867    0.55888    -0.00106    
79.37872    0.72346    -0.03289    0.17758    0.55735    0.00030    
79.75140    0.72156    -0.03093    0.17719    0.55881    0.00478    
80.12408    0.72248    -0.03097    0.17517    0.55875    0.00409    
80.49673    0.72183    -0.03014    0.17429    0.55728    0.00392    
80.86942    0.72249    -0.02941    0.17295    0.55727    0.00347    
81.24210    0.72087    -0.02849    0.17111    0.55429    0.00352    
81.61475    0.71915    -0.02747    0.16926    0.55277    0.00516    
81.98743    0.72064    -0.02689    0.16809    0.55133    0.00200    
82.36011    0.71679    -0.02587    0.16574    0.54538    0.00244    
82.73276    0.71389    -0.02543    0.16361    0.54527    0.00721    
83.10544    0.71269    -0.02394    0.16183    0.53942    0.00373    
83.47812    0.70999    -0.02216    0.16046    0.53502    0.00370    
83.85077    0.70304    -0.02005    0.15658    0.52465    0.00449    
84.22345    0.69702    -0.01802    0.15366    0.51578    0.00506    
84.59613    0.68979    -0.01605    0.15116    0.50254    0.00269    
84.96881    0.67923    -0.01284    0.14711    0.48779    0.00371    
85.34146    0.66277    -0.00758    0.14158    0.46279    0.00257    
85.71414    0.64316    -0.00274    0.13519    0.43480    0.00206    
86.08682    0.62493    0.00278    0.12571    0.40543    -0.00167    
86.45947    0.60690    0.00966    0.11605    0.38061    -0.00199    
86.83215    0.59382    0.01282    0.10312    0.36165    -0.00246    
87.20483    0.59405    0.01210    0.09455    0.36034    -0.00232    
87.57748    0.60036    0.00624    0.08428    0.36343    -0.00483    
87.95016    0.61768    -0.00413    0.07930    0.38403    -0.00453    
88.32285    0.64391    -0.01928    0.07822    0.41785    -0.00405    
88.69550    0.66948    -0.03288    0.07974    0.45478    -0.00173    
89.06818    0.69513    -0.04571    0.08606    0.49452    0.00091    
89.44086    0.71814    -0.05649    0.09451    0.52692    -0.00191    
89.81351    0.72758    -0.06307    0.10315    0.54578    0.00077    
90.18619    0.73025    -0.06542    0.10980    0.55431    0.00367    
90.55887    0.73202    -0.06614    0.11622    0.55993    0.00515    
90.93152    0.73122    -0.06616    0.12191    0.55971    0.00476    
91.30420    0.73159    -0.06622    0.12721    0.56104    0.00422    
91.67688    0.73208    -0.06467    0.13109    0.56095    0.00260    
92.04953    0.73089    -0.06378    0.13525    0.56085    0.00325    
92.42221    0.72998    -0.06300    0.14025    0.56079    0.00323    
92.79489    0.72923    -0.06212    0.14380    0.56076    0.00341    
93.16757    0.73120    -0.06074    0.14805    0.56081    -0.00049    
93.54022    0.72890    -0.06066    0.14972    0.55932    0.00089    
93.91290    0.72792    -0.05986    0.15247    0.55787    0.00012    
94.28558    0.72817    -0.05822    0.15629    0.55938    0.00029    
94.65823    0.72623    -0.05719    0.15885    0.56084    0.00388    
95.03091    0.72860    -0.05661    0.16089    0.56093    -0.00007    
95.40359    0.72705    -0.05567    0.16204    0.56093    0.00193    
95.77625    0.72854    -0.05508    0.16611    0.56106    -0.00138    
96.14893    0.72751    -0.05415    0.16662    0.56106    0.00005    
96.52161    0.72806    -0.05263    0.16898    0.56115    -0.00131    
96.89426    0.72621    -0.05255    0.17006    0.55969    -0.00043    
97.26694    0.72757    -0.05095    0.17036    0.56119    -0.00083    
97.63962    0.72626    -0.05011    0.17230    0.55978    -0.00092    
98.01227    0.72626    -0.05011    0.17230    0.55978    -0.00092    
98.38495    0.72692    -0.04929    0.17393    0.56131    -0.00083    
98.75763    0.72690    -0.04852    0.17541    0.56137    -0.00118    
99.13028    0.72687    -0.04775    0.17688    0.56143    -0.00152    
99.50296    0.72740    -0.04700    0.17773    0.56148    -0.00247    
99.87564    0.72709    -0.04612    0.17840    0.56152    -0.00215    
100.24830    0.72535    -0.04524    0.17877    0.56005    -0.00114    
100.62100    0.72588    -0.04449    0.17961    0.56011    -0.00207    
100.99370    0.72456    -0.04442    0.18007    0.55865    -0.00178    
101.36630    0.72481    -0.04356    0.18013    0.56013    -0.00061    
101.73900    0.72675    -0.04282    0.18127    0.56314    -0.00078    
102.11170    0.72576    -0.04199    0.18180    0.56170    -0.00089    
102.48430    0.72670    -0.04206    0.18273    0.56321    -0.00110    
102.85700    0.72595    -0.04201    0.18257    0.56173    -0.00142    
103.22970    0.72566    -0.04042    0.18176    0.56027    -0.00203    
103.60240    0.72533    -0.04118    0.18169    0.56024    -0.00162    
103.97500    0.72491    -0.04037    0.18159    0.55879    -0.00235    
104.34770    0.72499    -0.04047    0.18160    0.55734    -0.00394    
104.72040    0.72236    -0.03846    0.18107    0.55877    0.00165    
105.09300    0.72293    -0.03849    0.18045    0.55875    0.00104    
105.46570    0.72485    -0.03794    0.18084    0.55882    -0.00177    
105.83840    0.72268    -0.03767    0.17817    0.55723    0.00076    
106.21100    0.72376    -0.03697    0.17839    0.55727    -0.00078    
106.58370    0.72267    -0.03604    0.17890    0.55730    0.00070    
106.95640    0.72355    -0.03531    0.17834    0.55731    -0.00031    
107.32910    0.72241    -0.03521    0.17662    0.55577    0.00043    
107.70170    0.72089    -0.03510    0.17630    0.55427    0.00125    
108.07440    0.72132    -0.03357    0.17563    0.55284    -0.00047    
108.44710    0.71856    -0.03326    0.17357    0.55127    0.00268    
108.81970    0.71844    -0.03333    0.17279    0.54978    0.00163    
109.19240    0.71726    -0.03159    0.17179    0.54831    0.00232    
109.56510    0.71552    -0.03144    0.17067    0.54679    0.00368    
109.93780    0.71476    -0.02980    0.16825    0.54383    0.00274    
110.31040    0.71286    -0.02896    0.16782    0.53943    0.00126    
110.68310    0.70890    -0.02784    0.16544    0.53494    0.00327    
111.05580    0.70467    -0.02592    0.16373    0.52904    0.00402    
111.42840    0.70143    -0.02485    0.16149    0.52457    0.00489    
111.80110    0.69653    -0.02304    0.15960    0.51574    0.00362    
112.17380    0.69091    -0.02123    0.15753    0.50397    0.00041    
112.54640    0.67951    -0.01713    0.15492    0.48926    0.00232    
112.91910    0.66978    -0.01498    0.15188    0.47304    0.00026    
113.29180    0.65403    -0.01069    0.14741    0.44802    -0.00242    
113.66450    0.63564    -0.00682    0.14148    0.42144    -0.00345    
114.03710    0.61556    -0.00349    0.13505    0.39482    -0.00308    
114.40980    0.60211    0.00025    0.13014    0.37715    -0.00303    
114.78250    0.58955    0.00382    0.12271    0.35656    -0.00675    
115.15520    0.58334    0.00632    0.11412    0.34775    -0.00626    
115.52780    0.57893    0.00765    0.10677    0.34044    -0.00683    
115.90050    0.58969    0.00137    0.09644    0.35067    -0.00703    
116.27320    0.61433    -0.00969    0.09056    0.37868    -0.00774    
116.64580    0.64068    -0.02559    0.08983    0.41541    -0.00457    
117.01850    0.67482    -0.03964    0.09433    0.45834    -0.00839    
117.39120    0.69904    -0.05116    0.10068    0.49962    -0.00273    
117.76380    0.71514    -0.05991    0.10983    0.52458    -0.00348    
118.13650    0.72604    -0.06554    0.11892    0.54799    0.00139    
118.50920    0.73208    -0.06652    0.12806    0.55667    -0.00114    
118.88190    0.73197    -0.06726    0.13324    0.55950    0.00041    
119.25450    0.72988    -0.06465    0.13720    0.55936    0.00260    
119.62720    0.72989    -0.06380    0.14096    0.56079    0.00308    
119.99990    0.73054    -0.06228    0.14563    0.56080    0.00098    
120.37250    0.72993    -0.06069    0.14847    0.55933    -0.00024    
120.74520    0.72765    -0.05885    0.15092    0.55929    0.00254    
121.11790    0.72741    -0.05808    0.15387    0.55932    0.00211    
121.49060    0.72791    -0.05734    0.15698    0.55938    0.00056    
121.86320    0.72817    -0.05658    0.15929    0.55944    -0.00042    
122.23590    0.72662    -0.05563    0.16043    0.55942    0.00158    
122.60860    0.72615    -0.05395    0.16183    0.55946    0.00201    
122.98120    0.72797    -0.05336    0.16448    0.55956    -0.00133    
123.35390    0.72852    -0.05261    0.16535    0.55960    -0.00231    
123.72660    0.72765    -0.05259    0.16739    0.55963    -0.00167    
124.09930    0.72615    -0.05174    0.16855    0.55819    -0.00123    
124.47190    0.72607    -0.05164    0.16854    0.55965    0.00035    
124.84460    0.72682    -0.05091    0.17019    0.55972    -0.00115    
125.21730    0.72627    -0.05089    0.17081    0.55972    -0.00056    
125.58990    0.72727    -0.04929    0.17252    0.56127    -0.00089    
125.96260    0.72755    -0.04941    0.17332    0.55984    -0.00302    
126.33530    0.72569    -0.04932    0.17440    0.55839    -0.00213    
126.70790    0.72603    -0.04855    0.17447    0.55841    -0.00255    
127.08060    0.72636    -0.04947    0.17676    0.55848    -0.00386    
127.45330    0.72745    -0.04875    0.17699    0.55852    -0.00542    
127.82600    0.72558    -0.04866    0.17807    0.55707    -0.00452    
128.19859    0.72474    -0.04852    0.17791    0.55850    -0.00179    
128.57130    0.72493    -0.04854    0.17869    0.55854    -0.00232    
128.94400    0.72527    -0.04777    0.17876    0.55856    -0.00274    
129.31670    0.72519    -0.04767    0.17875    0.56001    -0.00115    
129.68930    0.72722    -0.04701    0.17991    0.56156    -0.00292    
130.06200    0.72605    -0.04616    0.17966    0.56009    -0.00251    
130.43469    0.72563    -0.04535    0.17956    0.55864    -0.00325    
130.80730    0.72615    -0.04461    0.18040    0.55869    -0.00419    
131.17999    0.72505    -0.04435    0.17944    0.56009    -0.00081    
131.55270    0.72537    -0.04359    0.17950    0.56011    -0.00122    
131.92529    0.72626    -0.04286    0.17895    0.56013    -0.00224    
132.29800    0.72636    -0.04131    0.17969    0.55873    -0.00391    
132.67070    0.72382    -0.04105    0.17842    0.55718    -0.00130    
133.04340    0.72255    -0.04009    0.17815    0.55717    0.00070    
133.41600    0.72414    -0.04029    0.17848    0.55721    -0.00171    
133.78870    0.72224    -0.03850    0.17734    0.55571    0.00010    
134.16141    0.72229    -0.03763    0.17660    0.55570    0.00035    
134.53400    0.72269    -0.03697    0.17668    0.55427    -0.00163    
134.90669    0.72189    -0.03594    0.17578    0.55571    0.00136    
135.27940    0.72193    -0.03507    0.17504    0.55570    0.00162    
135.65210    0.72129    -0.03424    0.17416    0.55423    0.00144    
136.02470    0.72137    -0.03433    0.17417    0.55277    -0.00015    
136.39740    0.71844    -0.03333    0.17279    0.54978    0.00163    
136.77010    0.71799    -0.03252    0.17269    0.54833    0.00091    
137.14270    0.71573    -0.03147    0.17146    0.54682    0.00314    
137.51540    0.71638    -0.03160    0.17084    0.54535    0.00095    
137.88811    0.71398    -0.03062    0.16882    0.54235    0.00214    
138.26080    0.71046    -0.02956    0.16804    0.53791    0.00306    
138.63341    0.70911    -0.02787    0.16624    0.53497    0.00272    
139.00610    0.70645    -0.02773    0.16413    0.53048    0.00271    
139.37880    0.70230    -0.02590    0.16242    0.52312    0.00188    
139.75140    0.69623    -0.02380    0.15953    0.51570    0.00399    
140.12410    0.68775    -0.02096    0.15681    0.50098    0.00203    
140.49680    0.67580    -0.01784    0.15249    0.48180    0.00062    
140.86940    0.66050    -0.01284    0.14812    0.45681    -0.00241    
141.24210    0.64179    -0.00962    0.14212    0.43311    0.00011    
141.61481    0.62174    -0.00478    0.13570    0.40364    -0.00212    
141.98750    0.60184    0.00030    0.12921    0.37713    -0.00248    
142.36011    0.58613    0.00692    0.12013    0.35373    -0.00497    
142.73280    0.57286    0.01073    0.11142    0.33321    -0.00812    
143.10550    0.57025    0.01285    0.10091    0.32752    -0.00864    
143.47810    0.58029    0.00746    0.09210    0.33634    -0.00958    
143.85080    0.60210    -0.00524    0.08784    0.36260    -0.00837    
144.22350    0.63541    -0.01640    0.08853    0.40684    -0.00577    
144.59621    0.66973    -0.02975    0.09236    0.45403    -0.00478    
144.96880    0.69985    -0.04117    0.09976    0.49823    -0.00415    
145.34151    0.71665    -0.04899    0.10838    0.52750    -0.00121    
145.71420    0.72698    -0.05657    0.11644    0.54650    0.00024    
146.08681    0.73038    -0.05907    0.12329    0.55371    0.00054    
146.45950    0.73034    -0.05981    0.12847    0.55652    0.00201    
146.83220    0.72916    -0.05892    0.13263    0.55642    0.00264    
147.20480    0.72803    -0.05812    0.13680    0.55489    0.00173    
147.57750    0.72861    -0.05827    0.14069    0.55490    -0.00021    
147.95020    0.72585    -0.05641    0.14375    0.55482    0.00310    
148.32291    0.72506    -0.05552    0.14731    0.55482    0.00331    
148.69550    0.72423    -0.05463    0.15088    0.55630    0.00501    
149.06821    0.72474    -0.05390    0.15401    0.55636    0.00345    
149.44090    0.72501    -0.05314    0.15632    0.55640    0.00247    
149.81360    0.72474    -0.05236    0.15926    0.55646    0.00208    
150.18620    0.72393    -0.05145    0.16057    0.55648    0.00295    
150.55890    0.72424    -0.05079    0.16289    0.55509    0.00041    
150.93159    0.72258    -0.04974    0.16402    0.55655    0.00402    
151.30420    0.72506    -0.04911    0.16684    0.55960    0.00259    
151.67690    0.72645    -0.04850    0.16788    0.55821    -0.00110    
152.04961    0.72611    -0.04850    0.16929    0.55824    -0.00105    
152.42220    0.72451    -0.04755    0.17043    0.55826    0.00100    
152.79491    0.72463    -0.04599    0.17119    0.55685    -0.00070    
153.16760    0.72420    -0.04589    0.17259    0.55835    0.00094    
153.54030    0.72272    -0.04414    0.17301    0.55690    0.00167    
153.91290    0.72392    -0.04335    0.17403    0.55989    0.00263    
154.28560    0.72623    -0.04282    0.17599    0.56001    -0.00126    
154.65829    0.72525    -0.04199    0.17651    0.55857    -0.00138    
155.03090    0.72334    -0.04091    0.17686    0.56003    0.00281    
155.40359    0.72442    -0.04020    0.17708    0.56007    0.00127    
155.77631    0.72457    -0.03946    0.17933    0.56018    0.00041    
156.14900    0.72616    -0.03965    0.17965    0.56022    -0.00199    
156.52161    0.72408    -0.03952    0.17996    0.55873    -0.00056    
156.89430    0.72314    -0.03781    0.17975    0.55729    -0.00042    
157.26700    0.72349    -0.03852    0.17984    0.56020    0.00189    
157.63960    0.72508    -0.03709    0.18089    0.56031    -0.00058    
158.01230    0.72540    -0.03634    0.18095    0.56034    -0.00098    
158.38499    0.72404    -0.03529    0.18068    0.56178    0.00262    
158.75771    0.72582    -0.03552    0.18177    0.56186    -0.00032    
159.13029    0.72379    -0.03451    0.18135    0.56037    0.00137    
159.50301    0.72251    -0.03355    0.18108    0.56036    0.00339    
159.87570    0.72308    -0.03358    0.18046    0.56035    0.00277    
160.24831    0.72264    -0.03278    0.18036    0.55890    0.00205    
160.62100    0.72446    -0.03214    0.18074    0.56043    0.00084    
160.99370    0.72214    -0.03101    0.17952    0.56037    0.00465    
161.36630    0.72366    -0.03112    0.17984    0.56186    0.00383    
161.73900    0.72400    -0.02952    0.17917    0.56190    0.00371    
162.11169    0.72327    -0.02859    0.17828    0.56188    0.00512    
162.48441    0.72414    -0.02789    0.17773    0.56190    0.00412    
162.85699    0.72287    -0.02607    0.17672    0.56190    0.00642    
163.22971    0.72373    -0.02537    0.17617    0.56193    0.00543    
163.60240    0.72393    -0.02540    0.17694    0.56196    0.00489    
163.97510    0.72307    -0.02454    0.17529    0.56046    0.00527    
164.34770    0.72253    -0.02365    0.17517    0.56048    0.00615    
164.72040    0.72186    -0.02282    0.17429    0.55901    0.00599    
165.09309    0.72148    -0.02260    0.17349    0.56189    0.00971    
165.46570    0.72243    -0.02115    0.17221    0.56047    0.00743    
165.83839    0.72251    -0.01953    0.17076    0.56049    0.00790    
166.21111    0.72005    -0.01918    0.16728    0.55888    0.01103    
166.58369    0.72088    -0.01849    0.16673    0.55891    0.01007    
166.95641    0.72117    -0.01679    0.16387    0.56036    0.01211    
167.32910    0.72239    -0.01621    0.16194    0.55890    0.00954    
167.70180    0.72199    -0.01539    0.15964    0.55742    0.00939    
168.07440    0.72160    -0.01530    0.15587    0.55585    0.00960    
168.44710    0.71646    -0.01596    0.15238    0.54397    0.00618    
168.81979    0.70013    -0.01425    0.14762    0.51735    0.00422    
169.19240    0.67281    -0.00765    0.13933    0.47318    0.00014    
169.56509    0.64107    0.00293    0.12901    0.42481    -0.00362    
169.93781    0.61446    0.01210    0.11639    0.38682    -0.00517    
170.31050    0.59948    0.01953    0.10567    0.36525    -0.00638    
170.68311    0.59784    0.01881    0.09240    0.35676    -0.01023    
171.05580    0.60939    0.01163    0.08473    0.36853    -0.01084    
171.42850    0.63416    -0.00197    0.08219    0.39771    -0.01197    
171.80110    0.66168    -0.01615    0.08330    0.43287    -0.01299    
172.17380    0.68876    -0.02956    0.08839    0.47244    -0.01155    
172.54649    0.70777    -0.03868    0.09706    0.50304    -0.00978    
172.91920    0.72410    -0.04655    0.10627    0.53076    -0.00802    
173.29179    0.73446    -0.05174    0.11581    0.54819    -0.00837    
173.66451    0.73715    -0.05245    0.12317    0.55679    -0.00558    
174.03720    0.73807    -0.05168    0.12931    0.55961    -0.00558    
174.40981    0.73768    -0.04998    0.13511    0.56098    -0.00499    
174.78250    0.73573    -0.04905    0.13903    0.56091    -0.00316    
175.15520    0.73755    -0.04842    0.14393    0.56243    -0.00568    
175.52780    0.73305    -0.04733    0.14648    0.55942    -0.00268    
175.90050    0.73489    -0.04592    0.15065    0.56098    -0.00495    
176.27319    0.73286    -0.04495    0.15237    0.55951    -0.00386    
176.64590    0.73316    -0.04346    0.15615    0.55960    -0.00526    
177.01849    0.73227    -0.04334    0.15817    0.56108    -0.00309    
177.39120    0.73306    -0.04187    0.16131    0.56119    -0.00501    
177.76390    0.73125    -0.04177    0.16236    0.55972    -0.00417    
178.13660    0.73097    -0.04014    0.16452    0.55980    -0.00425    
178.50920    0.73201    -0.03955    0.16697    0.55991    -0.00643    
178.88190    0.73254    -0.03883    0.16782    0.55996    -0.00738    
179.25459    0.72966    -0.03779    0.16939    0.55851    -0.00506    
179.62720    0.73197    -0.03729    0.17136    0.55864    -0.00896    
179.99989    0.73124    -0.03632    0.17342    0.56163    -0.00553    
180.37260    0.73282    -0.03652    0.17376    0.56167    -0.00795    
180.74519    0.73278    -0.03577    0.17521    0.56174    -0.00828    
181.11790    0.73093    -0.03404    0.17700    0.56035    -0.00745    
181.49060    0.73222    -0.03252    0.17728    0.56190    -0.00779    
181.86330    0.73016    -0.03238    0.17757    0.56041    -0.00636    
182.23590    0.73161    -0.03174    0.17934    0.56199    -0.00751    
182.60860    0.73062    -0.03091    0.17985    0.56056    -0.00760    
182.98129    0.73101    -0.03096    0.18138    0.56062    -0.00867    
183.35390    0.73023    -0.02930    0.18194    0.56069    -0.00757    
183.72659    0.72966    -0.02927    0.18255    0.56070    -0.00695    
184.09930    0.72922    -0.02847    0.18245    0.55926    -0.00765    
184.47200    0.73016    -0.02856    0.18337    0.56077    -0.00786    
184.84460    0.73020    -0.02706    0.18409    0.55940    -0.00948    
185.21730    0.72942    -0.02785    0.18465    0.55793    -0.01007    
185.59000    0.72741    -0.02598    0.18351    0.55791    -0.00663    
185.96260    0.72631    -0.02505    0.18401    0.55794    -0.00512    
186.33530    0.72733    -0.02589    0.18350    0.55936    -0.00503    
186.70799    0.72782    -0.02518    0.18432    0.55944    -0.00594    
187.08070    0.72823    -0.02370    0.18366    0.55802    -0.00764    
187.45329    0.72823    -0.02370    0.18366    0.55802    -0.00764    
187.82600    0.72693    -0.02274    0.18339    0.55803    -0.00561    
188.19870    0.72741    -0.02269    0.18277    0.55947    -0.00464    
188.57130    0.72771    -0.02196    0.18283    0.55951    -0.00501    
188.94400    0.72884    -0.02140    0.18304    0.55810    -0.00812    
189.31670    0.72762    -0.02118    0.18135    0.55802    -0.00580    
189.68930    0.72672    -0.01944    0.18189    0.55956    -0.00307    
190.06200    0.72717    -0.01955    0.18052    0.55805    -0.00474    
190.43469    0.72906    -0.01822    0.18018    0.55814    -0.00724    
190.80740    0.72556    -0.01694    0.17727    0.55655    -0.00264    
191.17999    0.72707    -0.01708    0.17759    0.55805    -0.00347    
191.55270    0.72820    -0.01569    0.17710    0.55812    -0.00482    
191.92540    0.72724    -0.01559    0.17616    0.55661    -0.00460    
192.29800    0.72559    -0.01383    0.17363    0.55511    -0.00276    
192.67070    0.72650    -0.01242    0.17236    0.55370    -0.00501    
193.04340    0.72477    -0.01224    0.17125    0.55217    -0.00364    
193.41611    0.72242    -0.01049    0.16853    0.54775    -0.00368    
193.78870    0.72119    -0.00951    0.16607    0.54770    -0.00112    
194.16141    0.72054    -0.00795    0.16445    0.54480    -0.00251    
194.53410    0.71952    -0.00700    0.16276    0.54478    -0.00049    
194.90669    0.71655    -0.00461    0.15912    0.53601    -0.00379    
195.27940    0.71214    -0.00344    0.15512    0.52858    -0.00363    
195.65210    0.70237    -0.00188    0.15203    0.51380    -0.00361    
196.02470    0.69269    -0.00021    0.14743    0.50046    -0.00203    
196.39740    0.67958    0.00244    0.14268    0.47982    -0.00327    
196.77010    0.66680    0.00590    0.13640    0.45924    -0.00489    
197.14281    0.65219    0.01029    0.13113    0.43581    -0.00768    
197.51540    0.62979    0.01567    0.12132    0.40208    -0.01029    
197.88811    0.61359    0.02093    0.10878    0.38032    -0.00918    
198.26080    0.59910    0.02047    0.09540    0.36267    -0.00646    
198.63350    0.60884    0.01170    0.08791    0.36836    -0.01091    
199.00610    0.62720    0.00059    0.08496    0.39163    -0.00972    
199.37880    0.65973    -0.01222    0.08598    0.43571    -0.00789    
199.75150    0.69484    -0.02438    0.09280    0.48710    -0.00583    
200.12410    0.72178    -0.03400    0.10305    0.52660    -0.00715    
200.49680    0.73262    -0.04009    0.11052    0.54547    -0.00612    
200.86951    0.73701    -0.04501    0.11822    0.55549    -0.00475    
201.24220    0.73708    -0.04575    0.12333    0.55826    -0.00337    
201.61481    0.73610    -0.04730    0.12815    0.55958    -0.00197    
201.98750    0.73810    -0.04678    0.13309    0.55957    -0.00617    
202.36020    0.73435    -0.04651    0.13649    0.55799    -0.00312    
202.73280    0.73529    -0.04651    0.13970    0.56093    -0.00247    
203.10550    0.73646    -0.04682    0.14513    0.55951    -0.00717    
203.47820    0.73682    -0.04533    0.14892    0.55956    -0.00863    
203.85080    0.73321    -0.04505    0.15097    0.55805    -0.00544    
204.22350    0.73439    -0.04429    0.15423    0.56104    -0.00510    
204.59621    0.73390    -0.04438    0.15706    0.55962    -0.00668    
204.96890    0.73343    -0.04284    0.16063    0.55826    -0.00836    
205.34151    0.73221    -0.04260    0.16185    0.56117    -0.00403    
205.71420    0.73116    -0.04179    0.16455    0.55978    -0.00470    
206.08690    0.73252    -0.04121    0.16560    0.55984    -0.00693    
206.45950    0.73124    -0.04037    0.16752    0.55843    -0.00703    
206.83220    0.72986    -0.03944    0.16942    0.55848    -0.00552    
207.20490    0.73110    -0.03964    0.17117    0.55856    -0.00789    
207.57761    0.72878    -0.03776    0.17140    0.55856    -0.00442    
207.95020    0.73132    -0.03804    0.17269    0.56011    -0.00705    
208.32291    0.73161    -0.03654    0.17421    0.55875    -0.00925    
208.69560    0.73106    -0.03651    0.17483    0.55876    -0.00865    
209.06821    0.72936    -0.03545    0.17594    0.56025    -0.00498    
209.44090    0.73015    -0.03485    0.17756    0.55888    -0.00804    
209.81360    0.73038    -0.03401    0.17762    0.56037    -0.00684    
210.18620    0.72830    -0.03225    0.17863    0.55896    -0.00547    
210.55890    0.72989    -0.03246    0.17896    0.55900    -0.00788    
210.93159    0.72900    -0.03156    0.18023    0.55906    -0.00692    
211.30431    0.73034    -0.03100    0.18124    0.55915    -0.00911    
211.67690    0.72774    -0.02996    0.18142    0.55768    -0.00679    
212.04961    0.72766    -0.02986    0.18141    0.55914    -0.00520    
212.42230    0.72872    -0.02918    0.18162    0.55919    -0.00674    
212.79500    0.72763    -0.02826    0.18212    0.55923    -0.00524    
213.16760    0.72812    -0.02755    0.18295    0.55929    -0.00615    
213.54030    0.72692    -0.02669    0.18269    0.55784    -0.00571    
213.91299    0.72834    -0.02672    0.18299    0.56079    -0.00495    
214.28560    0.72770    -0.02590    0.18212    0.55931    -0.00512    
214.65829    0.72819    -0.02519    0.18295    0.55938    -0.00604    
215.03101    0.72725    -0.02510    0.18202    0.55787    -0.00583    
215.40370    0.72660    -0.02497    0.18262    0.55935    -0.00362    
215.77631    0.72983    -0.02372    0.18183    0.56089    -0.00644    
216.14900    0.72888    -0.02362    0.18090    0.55938    -0.00623    
216.52170    0.72974    -0.02294    0.18035    0.55940    -0.00722    
216.89430    0.72761    -0.02182    0.17990    0.55939    -0.00392    
217.26700    0.72770    -0.02107    0.17920    0.55940    -0.00375    
217.63969    0.72875    -0.02042    0.17941    0.55946    -0.00528    
218.01230    0.72835    -0.01951    0.17715    0.55940    -0.00392    
218.38499    0.72769    -0.01869    0.17627    0.55793    -0.00407    
218.75771    0.72769    -0.01785    0.17554    0.55794    -0.00378    
219.13040    0.72728    -0.01779    0.17401    0.55788    -0.00270    
219.50301    0.72735    -0.01620    0.17257    0.55790    -0.00222    
219.87570    0.72570    -0.01528    0.17074    0.55494    -0.00214    
220.24840    0.72535    -0.01447    0.16847    0.55343    -0.00232    
220.62100    0.72323    -0.01360    0.16725    0.54902    -0.00323    
220.99370    0.72133    -0.01263    0.16463    0.54603    -0.00257    
221.36639    0.71917    -0.01091    0.16265    0.54164    -0.00316    
221.73911    0.71539    -0.00965    0.15884    0.53860    0.00049    
222.11169    0.71264    -0.00728    0.15596    0.52984    -0.00337    
222.48441    0.70600    -0.00508    0.15365    0.52248    -0.00057    
222.85710    0.70176    -0.00394    0.15038    0.51508    -0.00098    
223.22971    0.68939    -0.00064    0.14433    0.49447    -0.00256    
223.60240    0.67880    0.00181    0.14094    0.47827    -0.00327    
223.97510    0.66391    0.00541    0.13487    0.45474    -0.00511    
224.34770    0.64997    0.00676    0.12815    0.43547    -0.00428    
224.72040    0.63567    0.00984    0.12201    0.41490    -0.00495    
225.09309    0.61669    0.01744    0.10958    0.38591    -0.00745    
225.46581    0.60419    0.01887    0.09936    0.36693    -0.00905    
225.83839    0.60049    0.01542    0.08463    0.36127    -0.00740    
226.21111    0.61393    0.00542    0.07682    0.37598    -0.00758    
226.58380    0.64395    -0.00759    0.07554    0.41279    -0.00844    
226.95650    0.67722    -0.01999    0.07977    0.46126    -0.00501    
227.32910    0.70353    -0.02997    0.08495    0.49656    -0.00746    
227.70180    0.72355    -0.03990    0.09392    0.52711    -0.00782    
228.07449    0.73172    -0.04806    0.10201    0.54581    -0.00335    
228.44710    0.73651    -0.05142    0.10917    0.55435    -0.00370    
228.81979    0.73759    -0.05380    0.11670    0.55992    -0.00168    
229.19250    0.73572    -0.05366    0.12129    0.55971    -0.00021    
229.56509    0.73610    -0.05459    0.12503    0.55963    -0.00186    
229.93781    0.73505    -0.05379    0.12916    0.55806    -0.00285    
230.31050    0.73461    -0.05380    0.13199    0.55801    -0.00300    
230.68320    0.73076    -0.05347    0.13541    0.55787    0.00163    
231.05580    0.73262    -0.05282    0.14035    0.55936    -0.00091    
231.42850    0.73244    -0.05206    0.14329    0.55936    -0.00140    
231.80119    0.73192    -0.05206    0.14612    0.55936    -0.00146    
232.17380    0.73222    -0.05132    0.14843    0.55939    -0.00248    
232.54649    0.73159    -0.05122    0.15125    0.56086    -0.00093    
232.91920    0.73220    -0.04971    0.15364    0.56092    -0.00234    
233.29190    0.73335    -0.04981    0.15762    0.56247    -0.00372    
233.66451    0.73136    -0.04895    0.15938    0.56100    -0.00272    
234.03720    0.73088    -0.04728    0.16076    0.56104    -0.00227    
234.40990    0.73057    -0.04728    0.16217    0.56107    -0.00225    
234.78250    0.73016    -0.04571    0.16356    0.55966    -0.00337    
235.15520    0.73156    -0.04582    0.16610    0.56121    -0.00471    
235.52789    0.73006    -0.04496    0.16724    0.55977    -0.00426    
235.90060    0.73060    -0.04422    0.16810    0.55982    -0.00522    
236.27319    0.72901    -0.04327    0.16923    0.55984    -0.00318    
236.64590    0.72841    -0.04151    0.17059    0.56136    -0.00110    
237.01860    0.73052    -0.04097    0.17178    0.56145    -0.00445    
237.39120    0.73049    -0.04022    0.17325    0.56152    -0.00480    
237.76390    0.73070    -0.04024    0.17403    0.56154    -0.00534    
238.13660    0.72865    -0.03848    0.17505    0.56013    -0.00400    
238.50929    0.72810    -0.03845    0.17567    0.56013    -0.00339    
238.88190    0.72854    -0.03763    0.17650    0.56165    -0.00274    
239.25459    0.72968    -0.03541    0.17748    0.56177    -0.00447    
239.62730    0.72963    -0.03465    0.17893    0.56184    -0.00479    
239.99989    0.72950    -0.03311    0.17889    0.56043    -0.00590    
240.37260    0.72811    -0.03293    0.17933    0.56042    -0.00402    
240.74530    0.72981    -0.03237    0.17895    0.56046    -0.00629    
241.11800    0.72892    -0.03147    0.18022    0.56052    -0.00533    
241.49060    0.72714    -0.03123    0.17912    0.56045    -0.00239    
241.86330    0.72820    -0.03055    0.17934    0.56050    -0.00392    
242.23599    0.72820    -0.03055    0.17934    0.56050    -0.00392    
242.60860    0.72870    -0.02984    0.18017    0.56057    -0.00485    
242.98129    0.72806    -0.02901    0.17930    0.55909    -0.00502    
243.35400    0.72627    -0.02877    0.17820    0.55902    -0.00208    
243.72670    0.72769    -0.02810    0.17703    0.55903    -0.00368    
244.09930    0.72769    -0.02810    0.17703    0.55903    -0.00368    
244.47200    0.72648    -0.02724    0.17677    0.55757    -0.00324    
244.84470    0.72630    -0.02636    0.17527    0.55754    -0.00243    
245.21730    0.72479    -0.02623    0.17494    0.55604    -0.00161    
245.59000    0.72413    -0.02541    0.17406    0.55457    -0.00177    
245.96271    0.72338    -0.02448    0.17317    0.55456    -0.00034    
246.33530    0.72336    -0.02379    0.17168    0.55162    -0.00269    
246.70799    0.72117    -0.02283    0.17045    0.54866    -0.00203    
247.08070    0.71965    -0.02270    0.17012    0.54717    -0.00121    
247.45340    0.71800    -0.02177    0.16827    0.54419    -0.00114    
247.82600    0.71608    -0.02007    0.16710    0.54127    -0.00085    
248.19870    0.71497    -0.02003    0.16536    0.53828    -0.00166    
248.57140    0.71010    -0.01798    0.16427    0.53386    0.00131    
248.94400    0.70982    -0.01724    0.16196    0.53090    -0.00046    
249.31670    0.70408    -0.01525    0.15989    0.52206    -0.00043    
249.68941    0.69962    -0.01336    0.15735    0.51470    -0.00067    
250.06210    0.69414    -0.00982    0.15454    0.50448    -0.00227    
250.43469    0.68357    -0.00737    0.15129    0.48972    -0.00141    
250.80740    0.67441    -0.00415    0.14759    0.47794    0.00042    
251.18010    0.65966    -0.00055    0.14248    0.45585    -0.00046    
251.55270    0.64643    0.00303    0.13847    0.43674    -0.00114    
251.92540    0.62899    0.00696    0.13093    0.41023    -0.00336    
252.29810    0.60804    0.01238    0.12064    0.38086    -0.00429    
252.67070    0.59726    0.01533    0.11274    0.36768    -0.00268    
253.04340    0.58982    0.01613    0.10382    0.35450    -0.00510    
253.41611    0.59260    0.01162    0.09327    0.35447    -0.00621    
253.78880    0.60530    0.00272    0.08404    0.36919    -0.00497    
254.16141    0.63738    -0.01324    0.08039    0.40751    -0.00615    
254.53410    0.66515    -0.02625    0.08249    0.44581    -0.00494    
254.90680    0.69290    -0.03775    0.08868    0.48701    -0.00331    
255.27940    0.71161    -0.04589    0.09803    0.51619    -0.00289    
255.65210    0.72626    -0.05355    0.10674    0.54248    -0.00025    
256.02481    0.73123    -0.05603    0.11404    0.55255    0.00068    
256.39749    0.73112    -0.05917    0.12131    0.55670    0.00291    
256.77011    0.72918    -0.05904    0.12596    0.55653    0.00444    
257.14279    0.73020    -0.05815    0.13073    0.56083    0.00613    
257.51550    0.73067    -0.05662    0.13460    0.56079    0.00456    
257.88821    0.72953    -0.05582    0.13877    0.55929    0.00366    
258.26080    0.72894    -0.05424    0.14161    0.55781    0.00241    
258.63351    0.72624    -0.05247    0.14468    0.55630    0.00415    
259.00620    0.72521    -0.05156    0.14743    0.55629    0.00495    
259.37881    0.72564    -0.05162    0.15128    0.55780    0.00467    
259.75150    0.72636    -0.05079    0.15296    0.55931    0.00470    
260.12421    0.72474    -0.04986    0.15632    0.55933    0.00612    
260.49689    0.72636    -0.04927    0.15820    0.55941    0.00332    
260.86951    0.72502    -0.04834    0.16014    0.55944    0.00476    
261.24219    0.72526    -0.04759    0.16243    0.55950    0.00382    
261.61490    0.72602    -0.04686    0.16410    0.55957    0.00230    
261.98749    0.72405    -0.04685    0.16439    0.55662    0.00212    
262.36020    0.72246    -0.04589    0.16553    0.55663    0.00415    
262.73291    0.72292    -0.04505    0.16639    0.55814    0.00477    
263.10550    0.72292    -0.04428    0.16788    0.55820    0.00441    
263.47821    0.72656    -0.04147    0.16869    0.55835    -0.00077    
263.85089    0.72389    -0.03958    0.17034    0.55838    0.00274    
264.22351    0.72572    -0.03892    0.17074    0.55990    0.00152    
264.59619    0.72546    -0.03901    0.17216    0.55848    -0.00001    
264.96890    0.72439    -0.03808    0.17267    0.55850    0.00146    
265.34161    0.72504    -0.03728    0.17429    0.56005    0.00157    
265.71420    0.72527    -0.03643    0.17435    0.56154    0.00276    
266.08691    0.72531    -0.03576    0.17582    0.56015    0.00084    
266.45959    0.72658    -0.03509    0.17682    0.56023    -0.00123    
266.83221    0.72594    -0.03426    0.17594    0.55875    -0.00142    
267.20490    0.72479    -0.03486    0.17571    0.56016    0.00171    
267.57761    0.72530    -0.03414    0.17655    0.56022    0.00077    
267.95029    0.72525    -0.03338    0.17801    0.56030    0.00046    
268.32291    0.72525    -0.03338    0.17801    0.56030    0.00046    
268.69559    0.72453    -0.03246    0.17712    0.56028    0.00186    
269.06830    0.72461    -0.03255    0.17713    0.55882    0.00028    
269.44089    0.72496    -0.03094    0.17646    0.55885    0.00015    
269.81360    0.72571    -0.03100    0.17663    0.56033    0.00048    
270.18631    0.72647    -0.03106    0.17679    0.56035    -0.00067    
270.55899    0.72526    -0.03020    0.17653    0.55888    -0.00024    
270.93161    0.72473    -0.02930    0.17641    0.55890    0.00064    
271.30429    0.72408    -0.02848    0.17553    0.55743    0.00047    
271.67700    0.72352    -0.02844    0.17615    0.55744    0.00108    
272.04971    0.72279    -0.02752    0.17526    0.55743    0.00249    
272.42230    0.72289    -0.02675    0.17454    0.55597    0.00119    
272.79501    0.72159    -0.02579    0.17426    0.55597    0.00322    
273.16769    0.72245    -0.02509    0.17371    0.55600    0.00223    
273.54031    0.72128    -0.02497    0.17198    0.55446    0.00299    
273.91299    0.72082    -0.02417    0.17187    0.55302    0.00228    
274.28571    0.71951    -0.02320    0.17159    0.55302    0.00432    
274.65839    0.71948    -0.02251    0.17010    0.55008    0.00197    
275.03101    0.71774    -0.02148    0.16824    0.54856    0.00363    
275.40369    0.71651    -0.02061    0.16796    0.54711    0.00407    
275.77640    0.71646    -0.01991    0.16646    0.54417    0.00174    
276.14899    0.71324    -0.01798    0.16352    0.54118    0.00441    
276.52170    0.71132    -0.01713    0.16307    0.53680    0.00295    
276.89441    0.70702    -0.01670    0.16059    0.53228    0.00535    
277.26700    0.70614    -0.01506    0.15814    0.52935    0.00449    
277.63971    0.70065    -0.01231    0.15611    0.52057    0.00417    
278.01239    0.69661    -0.01035    0.15289    0.51466    0.00495    
278.38501    0.69232    -0.00846    0.15111    0.50733    0.00418    
278.75769    0.68421    -0.00167    0.14842    0.49290    0.00181    
279.13040    0.67501    0.00156    0.14468    0.48115    0.00368    
279.50311    0.66102    0.00587    0.14127    0.45918    0.00138    
279.87570    0.64088    0.01336    0.13393    0.42997    0.00032    
280.24841    0.61540    0.02012    0.12262    0.39479    -0.00010    
280.62109    0.59719    0.02395    0.11369    0.37133    0.00051    
280.99371    0.58417    0.02657    0.09897    0.35104    -0.00137    
281.36639    0.58744    0.02038    0.08853    0.35089    -0.00311    
281.73911    0.60565    0.00907    0.08270    0.37267    -0.00177    
282.11179    0.63988    -0.00689    0.08148    0.41660    -0.00031    
282.48441    0.66821    -0.01846    0.08537    0.45327    -0.00171    
282.85709    0.69327    -0.03171    0.09281    0.48976    -0.00139    
283.22980    0.71420    -0.04177    0.10196    0.52191    -0.00129    
283.60239    0.72624    -0.04951    0.11054    0.54229    -0.00081    
283.97510    0.73202    -0.05208    0.12027    0.55380    -0.00027    
284.34781    0.73097    -0.05181    0.12590    0.55801    0.00411    
284.72049    0.73084    -0.05097    0.13106    0.55938    0.00444    
285.09311    0.72915    -0.05005    0.13581    0.55929    0.00564    
285.46579    0.72983    -0.04943    0.13896    0.55785    0.00239    
285.83850    0.72715    -0.04765    0.14201    0.55633    0.00412    
286.21121    0.72653    -0.04669    0.14636    0.55927    0.00679    
286.58380    0.72747    -0.04530    0.14958    0.55788    0.00321    
286.95651    0.72648    -0.04449    0.15231    0.55645    0.00246    
287.32919    0.72472    -0.04363    0.15488    0.55501    0.00287    
287.70181    0.72505    -0.04184    0.15723    0.55946    0.00626    
288.07449    0.72635    -0.04127    0.16051    0.55958    0.00348    
288.44720    0.72561    -0.04045    0.16182    0.55816    0.00278    
288.81989    0.72424    -0.03952    0.16374    0.55820    0.00426    
289.19250    0.72509    -0.03803    0.16469    0.55827    0.00291    
289.56519    0.72636    -0.03822    0.16645    0.55835    0.00054    
289.93790    0.72262    -0.03703    0.16785    0.55833    0.00558    
290.31049    0.72550    -0.03656    0.16922    0.55845    0.00110    
290.68320    0.72396    -0.03569    0.17036    0.55702    0.00157    
291.05591    0.72427    -0.03494    0.17043    0.55705    0.00117    
291.42850    0.72341    -0.03403    0.17172    0.55710    0.00210    
291.80121    0.72480    -0.03329    0.17351    0.56013    0.00253    
292.17389    0.72587    -0.03260    0.17374    0.56018    0.00100    
292.54651    0.72376    -0.03170    0.17549    0.55877    0.00210    
292.91919    0.72474    -0.03092    0.17570    0.56028    0.00216    
293.29190    0.72646    -0.03106    0.17680    0.56180    0.00080    
293.66461    0.72649    -0.03040    0.17826    0.56043    -0.00110    
294.03720    0.72548    -0.02957    0.17878    0.55900    -0.00120    
294.40991    0.72344    -0.02855    0.17834    0.55752    0.00050    
294.78259    0.72309    -0.02768    0.17901    0.55903    0.00232    
295.15521    0.72461    -0.02780    0.17933    0.56053    0.00149    
295.52789    0.72379    -0.02700    0.18061    0.55913    0.00087    
295.90060    0.72420    -0.02619    0.18143    0.56066    0.00155    
296.27328    0.72363    -0.02615    0.18204    0.56068    0.00217    
296.64590    0.72442    -0.02536    0.18148    0.56215    0.00276    
297.01859    0.72450    -0.02545    0.18149    0.56070    0.00117    
297.39130    0.72413    -0.02544    0.18287    0.56075    0.00125    
297.76389    0.72426    -0.02383    0.18143    0.56076    0.00167    
298.13660    0.72294    -0.02373    0.18188    0.55929    0.00197    
298.50931    0.72275    -0.02370    0.18111    0.55926    0.00249    
298.88199    0.72304    -0.02297    0.18117    0.55930    0.00212    
299.25461    0.72410    -0.02230    0.18138    0.55936    0.00060    
299.62729    0.72390    -0.02227    0.18061    0.55932    0.00112    
300.00000    0.72176    -0.02115    0.18017    0.55931    0.00443    
300.37271    0.72373    -0.02139    0.17911    0.55930    0.00194    
300.74530    0.72318    -0.02050    0.17899    0.55932    0.00283    
301.11801    0.72243    -0.01959    0.17811    0.55931    0.00425    
301.49069    0.72300    -0.01963    0.17749    0.55929    0.00364    
301.86331    0.72224    -0.01871    0.17660    0.55929    0.00508    
302.23599    0.72302    -0.01644    0.17677    0.56087    0.00556    
302.60870    0.72553    -0.01673    0.17511    0.56085    0.00247    
302.98129    0.72506    -0.01594    0.17500    0.55942    0.00178    
303.35400    0.72409    -0.01500    0.17334    0.55938    0.00377    
303.72672    0.72214    -0.01395    0.17072    0.55784    0.00598    
304.09940    0.72221    -0.01320    0.17000    0.55639    0.00470    
304.47198    0.72376    -0.01323    0.16816    0.55927    0.00596    
304.84470    0.72458    -0.01256    0.16761    0.55931    0.00501    
305.21741    0.72268    -0.01160    0.16499    0.55632    0.00566    
305.59000    0.72381    -0.01093    0.16306    0.55632    0.00468    
305.96271    0.71996    -0.01071    0.16141    0.54891    0.00338    
306.33539    0.71288    -0.01023    0.15827    0.53704    0.00268    
306.70801    0.70012    -0.00852    0.15450    0.51779    0.00272    
307.08069    0.67791    -0.00375    0.14843    0.48244    -0.00007    
307.45340    0.65050    0.00266    0.13948    0.44411    0.00067    
307.82599    0.63305    0.00585    0.13278    0.41902    -0.00018    
308.19870    0.61910    0.00958    0.12765    0.39847    -0.00194    
308.57141    0.60858    0.01386    0.12333    0.38246    -0.00404    
308.94409    0.59843    0.01835    0.11565    0.36796    -0.00457    
309.31671    0.59445    0.01654    0.10513    0.36193    -0.00344    
309.68939    0.61112    0.01119    0.09954    0.37669    -0.00753    
310.06210    0.63523    -0.00376    0.09795    0.40853    -0.00537    
310.43481    0.66568    -0.01976    0.10170    0.44796    -0.00675    
310.80740    0.69629    -0.02835    0.10822    0.48924    -0.00903    
311.18011    0.71626    -0.03666    0.11535    0.52006    -0.00860    
311.55280    0.72550    -0.03838    0.12319    0.54053    -0.00350    
311.92542    0.73107    -0.04176    0.13131    0.55217    -0.00232    
312.29810    0.73308    -0.04187    0.13775    0.55656    -0.00262    
312.67081    0.73184    -0.04097    0.14186    0.55654    -0.00190    
313.04349    0.73057    -0.04007    0.14598    0.55655    -0.00114    
313.41611    0.72826    -0.03909    0.14912    0.55654    0.00138    
313.78879    0.72873    -0.03754    0.15370    0.55811    0.00100    
314.16150    0.72907    -0.03690    0.15600    0.55672    -0.00156    
314.53409    0.72804    -0.03522    0.15799    0.55678    -0.00050    
314.90680    0.72563    -0.03423    0.16113    0.55537    0.00066    
315.27951    0.72652    -0.03346    0.16357    0.55839    0.00165    
315.65219    0.72673    -0.03274    0.16583    0.55848    0.00073    
316.02481    0.72755    -0.03128    0.16676    0.55857    -0.00060    
316.39749    0.72616    -0.03034    0.16866    0.55863    0.00091    
316.77020    0.72849    -0.03148    0.16991    0.55868    -0.00292    
317.14279    0.72695    -0.03061    0.17104    0.55726    -0.00244    
317.51550    0.72579    -0.02958    0.17153    0.55874    0.00062    
317.88821    0.72736    -0.02819    0.17260    0.55886    -0.00183    
318.26080    0.72681    -0.02816    0.17321    0.55887    -0.00123    
318.63351    0.72787    -0.02748    0.17344    0.55892    -0.00276    
319.00620    0.72708    -0.02668    0.17472    0.55753    -0.00340    
319.37891    0.72597    -0.02661    0.17595    0.55755    -0.00219    
319.75150    0.72724    -0.02511    0.17623    0.55910    -0.00251    
320.12421    0.72623    -0.02428    0.17673    0.55768    -0.00260    
320.49689    0.72538    -0.02497    0.17729    0.55765    -0.00161    
320.86951    0.72513    -0.02335    0.17723    0.55771    -0.00110    
321.24219    0.72788    -0.02369    0.17927    0.55929    -0.00426    
321.61490    0.72792    -0.02220    0.17998    0.55793    -0.00587    
321.98749    0.72490    -0.02194    0.17935    0.55494    -0.00423    
322.36020    0.72548    -0.02181    0.17949    0.55933    -0.00073    
322.73291    0.72765    -0.02144    0.18065    0.55798    -0.00564    
323.10559    0.72495    -0.02028    0.18082    0.55799    -0.00171    
323.47821    0.72654    -0.02051    0.18115    0.55802    -0.00413    
323.85089    0.72543    -0.01959    0.18164    0.55806    -0.00262    
324.22360    0.72543    -0.01959    0.18164    0.55806    -0.00262    
324.59631    0.72440    -0.01939    0.18070    0.55801    -0.00082    
324.96890    0.72648    -0.01893    0.18185    0.55812    -0.00413    
325.34161    0.72477    -0.01877    0.18077    0.55659    -0.00278    
325.71429    0.72403    -0.01785    0.17988    0.55658    -0.00135    
326.08691    0.72505    -0.01868    0.17938    0.55800    -0.00127    
326.45959    0.72403    -0.01785    0.17988    0.55658    -0.00135    
326.83231    0.72496    -0.01727    0.17934    0.55515    -0.00392    
327.20499    0.72336    -0.01703    0.17901    0.55511    -0.00151    
327.57761    0.72365    -0.01547    0.17833    0.55517    -0.00159    
327.95029    0.72345    -0.01544    0.17756    0.55514    -0.00106    
328.32300    0.72561    -0.01572    0.17729    0.55516    -0.00407    
328.69559    0.72485    -0.01481    0.17640    0.55515    -0.00264    
329.06830    0.72266    -0.01384    0.17519    0.55219    -0.00196    
329.44101    0.72245    -0.01381    0.17442    0.55216    -0.00142    
329.81369    0.72177    -0.01299    0.17354    0.55070    -0.00157    
330.18631    0.72020    -0.01216    0.17172    0.54627    -0.00308    
330.55899    0.71706    -0.01176    0.17104    0.54474    0.00016    
330.93170    0.71576    -0.01020    0.16927    0.54036    -0.00171    
331.30429    0.71374    -0.00926    0.16881    0.53744    -0.00157    
331.67700    0.71128    -0.00824    0.16679    0.53446    -0.00034    
332.04971    0.70862    -0.00655    0.16544    0.52862    -0.00192    
332.42230    0.70558    -0.00548    0.16400    0.52420    -0.00156    
332.79501    0.69849    -0.00256    0.16163    0.51394    -0.00104    
333.16769    0.69775    -0.00173    0.16072    0.51249    -0.00116    
333.54031    0.68903    0.00055    0.15870    0.49926    -0.00162    
333.91299    0.68334    0.00335    0.15663    0.49052    -0.00191    
334.28571    0.67020    0.00535    0.15360    0.47278    -0.00089    
334.65839    0.66049    0.00765    0.15134    0.45663    -0.00344    
335.03101    0.63620    0.01247    0.14411    0.42419    -0.00228    
335.40369    0.61594    0.01519    0.13770    0.39464    -0.00467    
335.77640    0.59801    0.02054    0.12836    0.37116    -0.00405    
336.14899    0.58616    0.02355    0.11941    0.35355    -0.00552    
336.52170    0.58062    0.02622    0.10755    0.34492    -0.00511    
336.89441    0.59091    0.02101    0.09646    0.35223    -0.00736    
337.26709    0.61268    0.00863    0.09239    0.37824    -0.00648    
337.63971    0.63487    -0.00206    0.09299    0.40444    -0.00804    
338.01239    0.66870    -0.01576    0.09648    0.44842    -0.00915    
338.38510    0.69232    -0.02647    0.10329    0.48206    -0.00954    
338.75781    0.71270    -0.03568    0.11210    0.51424    -0.00852    
339.13040    0.72609    -0.04258    0.12028    0.53909    -0.00541    
339.50311    0.73297    -0.04437    0.12882    0.55223    -0.00463    
339.87579    0.73543    -0.04528    0.13536    0.55804    -0.00425    
340.24841    0.73479    -0.04365    0.14037    0.55803    -0.00455    
340.62109    0.73372    -0.04353    0.14378    0.55947    -0.00249    
340.99380    0.73425    -0.04197    0.14837    0.56100    -0.00295    
341.36649    0.73359    -0.04042    0.15116    0.55959    -0.00411    
341.73911    0.73359    -0.03969    0.15485    0.55966    -0.00510    
342.11179    0.73101    -0.03869    0.15718    0.55820    -0.00341    
342.48450    0.73021    -0.03703    0.15996    0.55829    -0.00293    
342.85709    0.73110    -0.03626    0.16240    0.56130    -0.00196    
343.22980    0.73132    -0.03554    0.16466    0.56138    -0.00288    
343.60251    0.73193    -0.03491    0.16553    0.55998    -0.00542    
343.97519    0.73056    -0.03398    0.16743    0.56003    -0.00392    
344.34781    0.73054    -0.03323    0.16889    0.56010    -0.00427    
344.72049    0.73264    -0.03273    0.17009    0.56020    -0.00762    
345.09320    0.72999    -0.03159    0.17024    0.56018    -0.00375    
345.46579    0.73103    -0.03177    0.17120    0.56022    -0.00556    
345.83850    0.73206    -0.03035    0.17289    0.56035    -0.00743    
346.21121    0.72948    -0.02930    0.17306    0.55888    -0.00512    
346.58380    0.73170    -0.02874    0.17499    0.56047    -0.00741    
346.95651    0.73041    -0.02779    0.17472    0.56047    -0.00539    
347.32919    0.73241    -0.02721    0.17588    0.56203    -0.00714    
347.70181    0.73142    -0.02638    0.17639    0.56060    -0.00724    
348.07449    0.73192    -0.02568    0.17722    0.56067    -0.00816    
348.44720    0.73083    -0.02475    0.17771    0.56070    -0.00666    
348.81989    0.73188    -0.02409    0.17793    0.56076    -0.00819    
349.19250    0.73182    -0.02336    0.17937    0.56085    -0.00849    
349.56519    0.73032    -0.02323    0.17905    0.55935    -0.00767    
349.93790    0.73053    -0.02241    0.17910    0.56085    -0.00646    
350.31049    0.73252    -0.02185    0.18024    0.56242    -0.00820    
350.68320    0.73057    -0.02161    0.18128    0.56243    -0.00570    
351.05591    0.73170    -0.02105    0.18150    0.56103    -0.00881    
351.42859    0.72946    -0.02000    0.18030    0.55953    -0.00655    
351.80121    0.72938    -0.01991    0.18029    0.56098    -0.00497    
352.17389    0.72836    -0.01908    0.18079    0.55957    -0.00505    
352.54660    0.73091    -0.01857    0.18132    0.56112    -0.00739    
352.91931    0.73015    -0.01850    0.18117    0.56110    -0.00624    
353.29190    0.73015    -0.01850    0.18117    0.56110    -0.00624    
353.66461    0.72949    -0.01769    0.18030    0.55963    -0.00640    
354.03729    0.73025    -0.01692    0.17974    0.56112    -0.00579    
354.40991    0.72894    -0.01681    0.18018    0.55966    -0.00550    
354.78259    0.72828    -0.01599    0.17931    0.55820    -0.00566    
355.15530    0.72883    -0.01603    0.17870    0.55818    -0.00627    
355.52802    0.72601    -0.01494    0.17810    0.55669    -0.00339    
355.90060    0.72741    -0.01515    0.17767    0.55669    -0.00527    
356.27328    0.72543    -0.01422    0.17724    0.55377    -0.00513    
356.64600    0.72455    -0.01421    0.17631    0.55080    -0.00650    
357.01859    0.72045    -0.01324    0.17541    0.54345    -0.00758    
357.39130    0.71864    -0.01296    0.17430    0.54338    -0.00463    
357.76401    0.71644    -0.01284    0.17381    0.53895    -0.00572    
358.13669    0.71199    -0.01173    0.17211    0.53303    -0.00468    
358.50931    0.71062    -0.01092    0.17105    0.52863    -0.00673    
358.88199    0.70762    -0.01071    0.17039    0.52418    -0.00669    
359.25470    0.70458    -0.00878    0.16824    0.52123    -0.00457    
359.62729    0.70191    -0.00708    0.16688    0.51539    -0.00615    
