TITLE:  An Experimental Investigation of the Flow through an Axial-Flow Pump
AUTHORS:  Zierke, Straka, and Taylor
JOURNAL PAPER FIGURE(S):  NA
PSU/ARL TR 93-12 FIGURE(S):  28g
*****************************************************************************
DATA TITLE:  Circumferential Variation of Velocity and Pressure Downstream of 
             IGV Trailing Edge Measured with 5-Hole Probes (71.4% span)
MEASUREMENT TYPE:  5-hole probe wake rake survey
MEASUREMENT LOCATION:  49.7% IGV chord axially downstream of IGV trailing 
                       edge, at 71.4% span
NOMINAL CONDITIONS:  
  vinf = 35.0 ft/sec
  pref = 43.2 psia
  rho  = 1.932 slugs/ft^3
  rotor rpm  = 260
  Utip = 47.6 ft/sec
  IGV chord = 6.90 inches
  IGV span  = 10.50 inches
DATA COLUMNS:
  1 -- circumferential position in degrees
  2 -- nondimensional axial velocity, Vz / Utip,  [uncertainty: 0.02]
  3 -- nondimensional radial velocity, Vr / Utip,  [uncertainty: 0.02] 
  4 -- nondimensional tangential velocity, Vtheta / Utip,  [uncertainty: 0.02] 
  5 -- total pressure coefficient, Kpt = (ptot - pref) / (0.5 * rho * Utip^2)
  6 -- static pressure coefficient, Kpt = (psta - pref) / (0.5 * rho * Utip^2)
*****************************************************************************
0.37270    0.73010    -0.05230    0.13340    0.54394    -0.01070    
0.74530    0.72890    -0.05310    0.13450    0.54381    -0.00932    
1.11800    0.72800    -0.05470    0.13570    0.54368    -0.00873    
1.49070    0.73010    -0.05560    0.13860    0.54545    -0.01089    
1.86340    0.72760    -0.05770    0.13920    0.54158    -0.01161    
2.23600    0.71990    -0.05230    0.14050    0.52609    -0.01568    
2.60870    0.69690    -0.03710    0.13220    0.48252    -0.02290    
2.98140    0.67710    -0.02110    0.12110    0.45090    -0.02349    
3.35400    0.68330    -0.00290    0.10920    0.46448    -0.01522    
3.72670    0.70400    0.00570    0.11120    0.50181    -0.00722    
4.09940    0.72090    0.01060    0.11550    0.53292    -0.00131    
4.47210    0.72610    0.01230    0.11760    0.54446    0.00223    
4.84470    0.72590    0.01440    0.11690    0.54473    0.00295    
5.21740    0.72600    0.01590    0.11490    0.54702    0.00545    
5.59010    0.72490    0.02010    0.11550    0.54735    0.00722    
5.96270    0.72420    0.01960    0.11370    0.54748    0.00873    
6.33540    0.72530    0.01740    0.11320    0.54728    0.00709    
6.70810    0.72650    0.01600    0.11210    0.54735    0.00571    
7.08070    0.72550    0.01320    0.11160    0.54702    0.00702    
7.45340    0.72900    0.00370    0.11290    0.54617    0.00098    
7.82610    0.72950    0.00170    0.11150    0.54427    -0.00138    
8.19880    0.73120    0.00000    0.11130    0.54610    -0.00197    
8.57140    0.73120    -0.00280    0.11190    0.54584    -0.00236    
8.94410    0.73280    -0.00440    0.11230    0.54571    -0.00492    
9.31680    0.73160    -0.00580    0.11190    0.54564    -0.00315    
9.68940    0.73370    -0.00810    0.11250    0.54551    -0.00650    
10.06210    0.73250    -0.00800    0.11280    0.54545    -0.00492    
10.43480    0.73310    -0.01020    0.11290    0.54532    -0.00610    
10.80750    0.73360    -0.01100    0.11300    0.54525    -0.00682    
11.18010    0.73320    -0.01160    0.11360    0.54322    -0.00846    
11.55280    0.73160    -0.01300    0.11370    0.54309    -0.00623    
11.92550    0.73200    -0.01450    0.11450    0.54295    -0.00728    
12.29810    0.73420    -0.01540    0.11520    0.54479    -0.00879    
12.67080    0.73400    -0.01620    0.11510    0.54473    -0.00846    
13.04350    0.73280    -0.01690    0.11610    0.54453    -0.00722    
13.41620    0.73470    -0.01850    0.11680    0.54637    -0.00840    
13.78880    0.73410    -0.01910    0.11650    0.54446    -0.00945    
14.16150    0.73470    -0.02000    0.11820    0.54617    -0.00892    
14.53420    0.73370    -0.01930    0.11860    0.54610    -0.00774    
14.90680    0.73560    -0.02090    0.11990    0.54604    -0.01089    
15.27950    0.73480    -0.02160    0.12040    0.54591    -0.01010    
15.65220    0.73310    -0.02140    0.11970    0.54400    -0.00925    
16.02490    0.73510    -0.02160    0.12120    0.54584    -0.01070    
16.39750    0.73260    -0.02220    0.12100    0.54381    -0.00905    
16.77020    0.73440    -0.02240    0.12160    0.54571    -0.00984    
17.14290    0.73460    -0.02240    0.12240    0.54564    -0.01050    
17.51550    0.73460    -0.02310    0.12310    0.54558    -0.01076    
17.88820    0.73450    -0.02390    0.12380    0.54545    -0.01102    
18.26090    0.73420    -0.02540    0.12440    0.54532    -0.01096    
18.63350    0.73350    -0.02610    0.12490    0.54525    -0.01010    
19.00620    0.73520    -0.02630    0.12550    0.54715    -0.01089    
19.37890    0.73570    -0.02710    0.12780    0.54696    -0.01234    
19.75160    0.73540    -0.02780    0.12770    0.54689    -0.01201    
20.12420    0.73340    -0.02910    0.12770    0.54492    -0.01115    
20.49690    0.73350    -0.03000    0.12770    0.54676    -0.00945    
20.86960    0.73300    -0.03070    0.12900    0.54663    -0.00925    
21.24220    0.73480    -0.03010    0.13040    0.54656    -0.01234    
21.61490    0.73310    -0.03150    0.13050    0.54650    -0.01004    
21.98760    0.73160    -0.03140    0.13070    0.54453    -0.00984    
22.36030    0.73150    -0.03150    0.13150    0.54637    -0.00800    
22.73290    0.73040    -0.03210    0.13180    0.54440    -0.00853    
23.10560    0.73040    -0.03290    0.13250    0.54427    -0.00879    
23.47830    0.72910    -0.03360    0.13360    0.54414    -0.00748    
23.85090    0.72930    -0.03370    0.13440    0.54407    -0.00807    
24.22360    0.72880    -0.03450    0.13570    0.54394    -0.00781    
24.59630    0.72660    -0.03430    0.13570    0.54197    -0.00650    
24.96890    0.72760    -0.03450    0.13610    0.54387    -0.00623    
25.34160    0.72800    -0.03530    0.13840    0.54374    -0.00768    
25.71430    0.72570    -0.03510    0.13840    0.54177    -0.00636    
26.08700    0.72690    -0.03610    0.14030    0.54354    -0.00689    
26.45960    0.72440    -0.03660    0.14020    0.54158    -0.00525    
26.83230    0.72290    -0.03670    0.14200    0.54144    -0.00374    
27.20500    0.72260    -0.03670    0.14340    0.54131    -0.00381    
27.57760    0.72220    -0.03830    0.14630    0.54112    -0.00433    
27.95030    0.72250    -0.03760    0.14940    0.54099    -0.00584    
28.32300    0.72020    -0.03680    0.14950    0.54092    -0.00243    
28.69570    0.72010    -0.03690    0.15170    0.54079    -0.00308    
29.06830    0.72100    -0.03550    0.15350    0.54079    -0.00486    
29.44100    0.71830    -0.03620    0.15570    0.53869    -0.00381    
29.81370    0.71880    -0.03650    0.15820    0.54236    -0.00164    
30.18630    0.71810    -0.03940    0.16090    0.54026    -0.00387    
30.55900    0.71580    -0.04070    0.16470    0.53626    -0.00597    
30.93170    0.70480    -0.03490    0.16600    0.51527    -0.01115    
31.30430    0.68070    -0.01700    0.15400    0.47983    -0.00833    
31.67700    0.69400    0.00200    0.14250    0.49893    -0.00394    
32.04970    0.71260    0.00900    0.14280    0.53226    0.00308    
32.42240    0.71710    0.01300    0.14240    0.54420    0.00853    
32.79500    0.71700    0.01800    0.13890    0.54492    0.01024    
33.16770    0.71830    0.01880    0.13560    0.54525    0.00951    
33.54040    0.72020    0.01730    0.13320    0.54722    0.00945    
33.91300    0.71970    0.01690    0.13070    0.54545    0.00905    
34.28570    0.72100    0.01410    0.12870    0.54532    0.00774    
34.65840    0.72500    0.00610    0.12800    0.54479    0.00171    
35.03110    0.72500    0.00490    0.12570    0.54295    0.00059    
35.40370    0.72650    0.00330    0.12460    0.54486    0.00052    
35.77640    0.72890    0.00160    0.12460    0.54676    -0.00118    
36.14910    0.73010    0.00020    0.12350    0.54676    -0.00256    
36.52170    0.73150    -0.00130    0.12310    0.54676    -0.00453    
36.89440    0.73050    -0.00260    0.12190    0.54479    -0.00466    
37.26710    0.73070    -0.00320    0.12120    0.54486    -0.00479    
37.63980    0.73200    -0.00410    0.12090    0.54676    -0.00466    
38.01240    0.73210    -0.00540    0.11940    0.54492    -0.00630    
38.38510    0.73130    -0.00750    0.11900    0.54479    -0.00531    
38.75780    0.73250    -0.00750    0.11870    0.54486    -0.00689    
39.13040    0.73400    -0.00990    0.11840    0.54669    -0.00715    
39.50310    0.73550    -0.01000    0.11820    0.54866    -0.00735    
39.87580    0.73600    -0.01070    0.11760    0.54683    -0.00991    
40.24850    0.73460    -0.01210    0.11850    0.54656    -0.00833    
40.62110    0.73640    -0.01360    0.11760    0.54663    -0.01076    
40.99380    0.73510    -0.01550    0.11630    0.54473    -0.01050    
41.36650    0.73400    -0.01550    0.11660    0.54466    -0.00892    
41.73910    0.73590    -0.01710    0.11720    0.54643    -0.01017    
42.11180    0.73730    -0.01720    0.11770    0.54650    -0.01234    
42.48450    0.73830    -0.01800    0.11660    0.54847    -0.01155    
42.85710    0.73700    -0.01940    0.11680    0.54643    -0.01174    
43.22980    0.73700    -0.01940    0.11680    0.54643    -0.01174    
43.60250    0.73750    -0.01870    0.11770    0.54643    -0.01273    
43.97520    0.73700    -0.02090    0.11820    0.54623    -0.01234    
44.34780    0.73700    -0.02370    0.11800    0.54420    -0.01450    
44.72050    0.73660    -0.02450    0.11860    0.54604    -0.01234    
45.09320    0.73730    -0.02530    0.11960    0.54591    -0.01365    
45.46580    0.73630    -0.02600    0.11920    0.54591    -0.01220    
45.83850    0.73630    -0.02750    0.12060    0.54571    -0.01279    
46.21120    0.73600    -0.02820    0.12050    0.54564    -0.01240    
46.58390    0.73650    -0.02890    0.12060    0.54564    -0.01319    
46.95650    0.73600    -0.02970    0.12190    0.54551    -0.01293    
47.32920    0.73640    -0.03050    0.12200    0.54545    -0.01371    
47.70190    0.73540    -0.03110    0.12230    0.54348    -0.01424    
48.07450    0.73370    -0.03180    0.12180    0.54348    -0.01174    
48.44720    0.73420    -0.03340    0.12190    0.54532    -0.01076    
48.81990    0.73680    -0.03570    0.12130    0.54728    -0.01253    
49.19260    0.73530    -0.03560    0.12150    0.54532    -0.01240    
49.56520    0.73380    -0.03710    0.12240    0.54518    -0.01076    
49.93790    0.73410    -0.03710    0.12320    0.54512    -0.01135    
50.31060    0.73380    -0.03860    0.12380    0.54499    -0.01122    
50.68320    0.73290    -0.04070    0.12410    0.54302    -0.01220    
51.05590    0.73130    -0.04160    0.12510    0.54473    -0.00846    
51.42860    0.73220    -0.04240    0.12690    0.54459    -0.01037    
51.80120    0.73260    -0.04320    0.12700    0.54459    -0.01109    
52.17390    0.73260    -0.04470    0.12770    0.54643    -0.00965    
52.54660    0.73230    -0.04560    0.12980    0.54623    -0.00997    
52.91930    0.73200    -0.04780    0.12890    0.54630    -0.00945    
53.29190    0.73000    -0.04770    0.12970    0.54427    -0.00873    
53.66460    0.73060    -0.04850    0.13070    0.54420    -0.01004    
54.03730    0.72980    -0.04790    0.13270    0.54591    -0.00761    
54.40990    0.72910    -0.05000    0.13160    0.54407    -0.00840    
54.78260    0.72910    -0.04930    0.13320    0.54394    -0.00886    
55.15530    0.73010    -0.04860    0.13350    0.54394    -0.01030    
55.52800    0.72870    -0.04850    0.13300    0.54394    -0.00814    
55.90060    0.72890    -0.04920    0.13240    0.54400    -0.00827    
56.27330    0.72870    -0.04990    0.13000    0.54420    -0.00722    
56.64600    0.73150    -0.05150    0.12940    0.54623    -0.00932    
57.01860    0.72850    -0.05090    0.12610    0.53692    -0.01325    
57.39130    0.71440    -0.04530    0.11960    0.50864    -0.01909    
57.76400    0.68730    -0.03500    0.11070    0.46120    -0.02552    
58.13670    0.66740    -0.02270    0.09900    0.43161    -0.02493    
58.50930    0.68910    -0.01580    0.09650    0.46533    -0.02001    
58.88200    0.71240    -0.01260    0.10340    0.50739    -0.01194    
59.25470    0.72690    -0.00330    0.10800    0.53659    -0.00446    
59.62730    0.73080    0.00370    0.11070    0.54650    -0.00085    
60.00000    0.72970    0.00800    0.11120    0.54676    0.00085    
60.37270    0.72290    0.01820    0.12200    0.54853    0.00728    
60.74530    0.72470    0.02110    0.12290    0.54925    0.01122    
61.11800    0.72320    0.02490    0.12870    0.54932    0.00984    
61.49070    0.72080    0.03060    0.12830    0.54892    0.01089    
61.86330    0.72240    0.02930    0.12570    0.54879    0.00853    
62.23600    0.72110    0.02790    0.12740    0.54879    0.00925    
62.60870    0.72310    0.02510    0.12560    0.54794    0.00171    
62.98140    0.72290    0.02390    0.12400    0.54768    0.00190    
63.35400    0.72790    0.01440    0.12360    0.54958    0.00079    
63.72670    0.72760    0.01170    0.12330    0.54761    -0.00144    
64.09940    0.72990    0.01000    0.12250    0.54735    0.00013    
64.47210    0.73050    0.00670    0.12030    0.54715    -0.00210    
64.84470    0.72900    0.00530    0.12120    0.54715    -0.00190    
65.21740    0.73060    0.00100    0.12000    0.54709    -0.00571    
65.59010    0.73060    -0.00040    0.11920    0.54683    -0.00315    
65.96270    0.73320    -0.00270    0.11920    0.54683    -0.00420    
66.33540    0.73130    -0.00470    0.11920    0.54473    -0.00486    
66.70810    0.73190    -0.00470    0.11940    0.54663    -0.00256    
67.08070    0.73090    -0.00750    0.11960    0.54650    -0.00512    
67.45340    0.73070    -0.00830    0.11880    0.54656    -0.00728    
67.82610    0.73230    -0.00980    0.11930    0.54643    -0.00551    
68.19880    0.73370    -0.00990    0.11980    0.54656    -0.00728    
68.57140    0.73250    -0.01130    0.11930    0.54650    -0.00709    
68.94410    0.73370    -0.00990    0.11980    0.54453    -0.00978    
69.31680    0.73370    -0.01130    0.11900    0.54643    -0.00630    
69.68940    0.73400    -0.01200    0.11970    0.54637    -0.00669    
70.06210    0.73300    -0.01200    0.11940    0.54623    -0.01017    
70.43480    0.73320    -0.01350    0.11940    0.54617    -0.00735    
70.80750    0.73530    -0.01430    0.12080    0.54801    -0.00879    
71.18010    0.73340    -0.01560    0.12010    0.54807    -0.01030    
71.55280    0.73530    -0.01590    0.12150    0.54604    -0.00958    
71.92550    0.73670    -0.01810    0.11970    0.54787    -0.00866    
72.29810    0.73470    -0.01790    0.12050    0.54787    -0.00938    
72.67080    0.73520    -0.01950    0.12060    0.54787    -0.01030    
73.04350    0.73570    -0.02020    0.12070    0.54781    -0.01174    
73.41620    0.73630    -0.02170    0.12020    0.54584    -0.01371    
73.78880    0.73720    -0.02320    0.12040    0.54374    -0.01129    
74.16150    0.73710    -0.02310    0.12110    0.54755    -0.01037    
74.53419    0.73400    -0.02440    0.12140    0.54551    -0.01096    
74.90680    0.73580    -0.02540    0.12200    0.54742    -0.00925    
75.27950    0.73470    -0.02600    0.12230    0.54728    -0.01135    
75.65220    0.73480    -0.02690    0.12240    0.54715    -0.01142    
76.02480    0.73590    -0.02840    0.12340    0.54715    -0.00800    
76.39750    0.73560    -0.02840    0.12480    0.54892    -0.01181    
76.77020    0.73350    -0.02980    0.12330    0.54689    -0.01024    
77.14290    0.73680    -0.03080    0.12590    0.54683    -0.00938    
77.51550    0.73440    -0.03140    0.12580    0.54683    -0.01102    
77.88820    0.73360    -0.03210    0.12620    0.54669    -0.00860    
78.26089    0.73470    -0.03430    0.12580    0.54663    -0.00997    
78.63350    0.73280    -0.03510    0.12660    0.54656    -0.01037    
79.00620    0.73350    -0.03580    0.12750    0.54459    -0.00905    
79.37890    0.73370    -0.03730    0.12750    0.54637    -0.00820    
79.75159    0.73140    -0.03720    0.12750    0.54820    -0.00781    
80.12420    0.73170    -0.03880    0.12910    0.54623    -0.00800    
80.49689    0.73250    -0.03820    0.13020    0.54617    -0.00860    
80.86960    0.73120    -0.03960    0.13040    0.54604    -0.00689    
81.24220    0.73140    -0.03960    0.13120    0.54787    -0.00735    
81.61490    0.72990    -0.04110    0.13220    0.54591    -0.00669    
81.98759    0.73140    -0.04200    0.13260    0.54597    -0.00781    
82.36020    0.72930    -0.04190    0.13350    0.54584    -0.00761    
82.73289    0.73040    -0.04040    0.13310    0.54584    -0.00617    
83.10560    0.72980    -0.04120    0.13440    0.54578    -0.00715    
83.47829    0.72890    -0.04190    0.13410    0.54578    -0.00728    
83.85090    0.72920    -0.04350    0.13490    0.54571    -0.00643    
84.22359    0.72950    -0.04420    0.13420    0.54578    -0.00623    
84.59630    0.72870    -0.04490    0.13470    0.54394    -0.00741    
84.96889    0.72860    -0.04640    0.13390    0.53068    -0.01457    
85.34160    0.72820    -0.04770    0.13300    0.50588    -0.01962    
85.71429    0.72440    -0.04840    0.13070    0.46815    -0.02231    
86.08700    0.71140    -0.04310    0.12850    0.45588    -0.01929    
86.45959    0.68870    -0.03570    0.11840    0.48744    -0.01430    
86.83230    0.68000    -0.02640    0.10610    0.52603    -0.00538    
87.20499    0.69960    -0.01710    0.10520    0.54341    0.00046    
87.57760    0.71960    -0.00840    0.11170    0.54564    0.00413    
87.95029    0.72670    0.00090    0.11790    0.54617    0.00459    
88.32300    0.72540    0.00720    0.11930    0.54650    0.00492    
88.69569    0.72550    0.01220    0.11890    0.54656    0.00584    
89.06830    0.72550    0.01500    0.11830    0.54525    0.00807    
89.44099    0.72480    0.01650    0.11890    0.54499    0.00814    
89.81370    0.72280    0.01900    0.11540    0.54663    0.00387    
90.18629    0.72260    0.01760    0.11600    0.54597    -0.00020    
90.55900    0.72690    0.01230    0.11490    0.54591    -0.00184    
90.93169    0.72940    0.00360    0.11460    0.54584    -0.00164    
91.30430    0.73060    0.00140    0.11410    0.54584    -0.00381    
91.67699    0.73050    0.00000    0.11330    0.54551    -0.00755    
92.04970    0.73190    -0.00010    0.11380    0.54551    -0.00558    
92.42239    0.73430    -0.00810    0.11270    0.54532    -0.00814    
92.79500    0.73300    -0.00660    0.11300    0.54532    -0.00814    
93.16769    0.73470    -0.01240    0.11190    0.54525    -0.00820    
93.54040    0.73470    -0.01240    0.11190    0.54532    -0.00978    
93.91299    0.73470    -0.01460    0.11180    0.54512    -0.01155    
94.28570    0.73580    -0.01460    0.11150    0.54335    -0.01227    
94.65839    0.73670    -0.01690    0.11240    0.54702    -0.00997    
95.03110    0.73610    -0.01670    0.11140    0.54709    -0.01174    
95.40369    0.73700    -0.01840    0.11170    0.54499    -0.01293    
95.77640    0.73820    -0.01700    0.11220    0.54696    -0.01352    
96.14909    0.73740    -0.01770    0.11330    0.54696    -0.01352    
96.52170    0.73910    -0.01930    0.11310    0.54689    -0.01312    
96.89439    0.73910    -0.01930    0.11310    0.54860    -0.01345    
97.26710    0.73880    -0.02000    0.11300    0.54669    -0.01509    
97.63979    0.73980    -0.02160    0.11480    0.54656    -0.01503    
98.01240    0.73970    -0.02080    0.11470    0.54820    -0.01279    
98.38509    0.73950    -0.02230    0.11530    0.54637    -0.01752    
98.75780    0.73880    -0.02460    0.11650    0.54617    -0.01778    
99.13039    0.74080    -0.02520    0.11640    0.54610    -0.01778    
99.50310    0.74050    -0.02750    0.11760    0.54604    -0.01732    
99.87579    0.74040    -0.02970    0.11750    0.54787    -0.01673    
100.24840    0.73990    -0.02970    0.11810    0.54781    -0.01804    
100.62109    0.74070    -0.03050    0.11840    0.54781    -0.01699    
100.99380    0.74140    -0.03130    0.11930    0.54761    -0.01785    
101.36649    0.74070    -0.03130    0.11910    0.54774    -0.01686    
101.73910    0.74090    -0.03210    0.12060    0.54768    -0.01640    
102.11179    0.74050    -0.03050    0.11980    0.54958    -0.01791    
102.48450    0.74000    -0.03060    0.12030    0.54755    -0.01667    
102.85709    0.74210    -0.03150    0.12100    0.54938    -0.01627    
103.22980    0.74000    -0.03130    0.12100    0.54925    -0.01804    
103.60249    0.74070    -0.03300    0.12200    0.54919    -0.01758    
103.97520    0.74150    -0.03520    0.12290    0.54722    -0.01936    
104.34779    0.74110    -0.03520    0.12350    0.54702    -0.01772    
104.72050    0.74080    -0.03880    0.12320    0.54702    -0.01667    
105.09319    0.73940    -0.04020    0.12420    0.54886    -0.01844    
105.46580    0.73860    -0.04240    0.12390    0.54879    -0.01903    
105.83849    0.74070    -0.04410    0.12530    0.54860    -0.01739    
106.21120    0.74090    -0.04410    0.12610    0.54860    -0.01778    
106.58389    0.73940    -0.04560    0.12700    0.54847    -0.01752    
106.95650    0.73960    -0.04710    0.12700    0.54643    -0.01686    
107.32919    0.73910    -0.04790    0.12830    0.54630    -0.01739    
107.70190    0.73710    -0.04780    0.12910    0.54623    -0.01653    
108.07449    0.73700    -0.04930    0.13050    0.54617    -0.01352    
108.44720    0.73620    -0.05010    0.13100    0.54610    -0.01667    
108.81989    0.73410    -0.05080    0.13100    0.54610    -0.01699    
109.19250    0.73590    -0.05240    0.13230    0.54591    -0.01594    
109.56519    0.73610    -0.05160    0.13240    0.54584    -0.01601    
109.93790    0.73480    -0.05320    0.13420    0.54578    -0.01411    
110.31059    0.73440    -0.05550    0.13550    0.54361    -0.01601    
110.68320    0.73310    -0.05400    0.13580    0.54558    -0.01404    
111.05589    0.73240    -0.05550    0.13850    0.54551    -0.01667    
111.42860    0.73230    -0.05780    0.13770    0.54715    -0.01548    
111.80119    0.73360    -0.05940    0.13960    0.54525    -0.01667    
112.17390    0.73330    -0.05950    0.14250    0.54525    -0.01798    
112.54659    0.73250    -0.06320    0.14290    0.53180    -0.02480    
112.91930    0.73290    -0.06630    0.14370    0.49939    -0.03005    
113.29189    0.72800    -0.06720    0.14500    0.45411    -0.03576    
113.66460    0.71110    -0.05770    0.13950    0.44230    -0.03156    
114.03729    0.68660    -0.03750    0.12690    0.46874    -0.02566    
114.40990    0.67820    -0.01700    0.11280    0.50988    -0.01562    
114.78259    0.69450    -0.00880    0.10510    0.53692    -0.00696    
115.15530    0.71620    0.00100    0.10770    0.54820    -0.00026    
115.52800    0.72800    0.00780    0.11340    0.54833    0.00066    
115.90060    0.73000    0.01240    0.11970    0.54919    0.00341    
116.27329    0.72910    0.01580    0.12180    0.54991    0.00663    
116.64600    0.72770    0.02290    0.12110    0.54978    0.00551    
117.01859    0.72610    0.02800    0.11940    0.54952    0.00203    
117.39130    0.72710    0.02590    0.11810    0.54748    0.00118    
117.76400    0.72940    0.02300    0.11800    0.54919    0.00348    
118.13660    0.72890    0.02110    0.11690    0.54840    -0.00492    
118.50929    0.72850    0.01900    0.11670    0.54781    -0.00827    
118.88200    0.73380    0.01010    0.11720    0.54578    -0.00971    
119.25470    0.73560    0.00430    0.11820    0.54761    -0.01037    
119.62730    0.73520    0.00230    0.11790    0.54722    -0.00991    
120.00000    0.73690    0.00070    0.11770    0.54886    -0.01102    
120.37270    0.73620    -0.00280    0.11870    0.54879    -0.01148    
120.74529    0.73790    -0.00590    0.11990    0.54873    -0.01345    
121.11800    0.73810    -0.00740    0.11990    0.54879    -0.01247    
121.49070    0.73940    -0.00890    0.11960    0.54847    -0.01562    
121.86340    0.73900    -0.00950    0.11870    0.54847    -0.01417    
122.23599    0.74050    -0.01250    0.12050    0.54637    -0.01516    
122.60870    0.73960    -0.01320    0.12020    0.54637    -0.01417    
122.98140    0.73870    -0.01520    0.12050    0.54637    -0.01680    
123.35400    0.73820    -0.01590    0.11950    0.54637    -0.01581    
123.72670    0.73980    -0.01740    0.12000    0.54617    -0.01667    
124.09940    0.73940    -0.01810    0.11910    0.54623    -0.01791    
124.47199    0.73960    -0.01880    0.12060    0.54820    -0.01594    
124.84470    0.74050    -0.01960    0.12010    0.54820    -0.01811    
125.21740    0.74060    -0.01970    0.11950    0.54833    -0.01903    
125.59010    0.74190    -0.01970    0.11990    0.54643    -0.01686    
125.96270    0.74290    -0.01980    0.11880    0.54617    -0.01811    
126.33540    0.74020    -0.02020    0.11780    0.54814    -0.01942    
126.70810    0.74060    -0.02250    0.11930    0.54617    -0.01778    
127.08070    0.74280    -0.02270    0.11940    0.54604    -0.01791    
127.45340    0.74040    -0.02320    0.11920    0.54597    -0.01831    
127.82610    0.74010    -0.02320    0.12060    0.54584    -0.01719    
128.19879    0.74030    -0.02470    0.12060    0.54584    -0.01791    
128.57140    0.73940    -0.02610    0.12100    0.54578    -0.01831    
128.94409    0.73980    -0.02690    0.12110    0.54564    -0.01745    
129.31679    0.74000    -0.02830    0.12110    0.54748    -0.01745    
129.68939    0.73930    -0.02910    0.12150    0.54558    -0.01955    
130.06209    0.74020    -0.02990    0.12260    0.54551    -0.01804    
130.43480    0.74040    -0.03060    0.12260    0.54538    -0.01791    
130.80739    0.73920    -0.03060    0.12290    0.54525    -0.01752    
131.18010    0.73890    -0.03200    0.12350    0.54518    -0.01778    
131.55280    0.73840    -0.03420    0.12400    0.54492    -0.01529    
131.92549    0.73830    -0.03500    0.12470    0.54473    -0.01837    
132.29810    0.73610    -0.03720    0.12610    0.54479    -0.01955    
132.67079    0.73760    -0.04030    0.12800    0.54650    -0.01608    
133.04349    0.73850    -0.04100    0.12750    0.54650    -0.01752    
133.41620    0.73690    -0.04260    0.12920    0.54630    -0.01804    
133.78879    0.73770    -0.04410    0.12940    0.54623    -0.01719    
134.16150    0.73760    -0.04560    0.13080    0.54427    -0.01555    
134.53419    0.73690    -0.04640    0.13130    0.54597    -0.01745    
134.90680    0.73440    -0.04700    0.13120    0.54591    -0.01443    
135.27950    0.73630    -0.04870    0.13400    0.54584    -0.01706    
135.65219    0.73410    -0.04940    0.13400    0.54578    -0.01621    
136.02480    0.73540    -0.05100    0.13590    0.54368    -0.01647    
136.39749    0.73460    -0.05170    0.13640    0.54538    -0.01404    
136.77019    0.73300    -0.05320    0.13800    0.54341    -0.01548    
137.14290    0.73200    -0.05490    0.13990    0.54328    -0.01647    
137.51549    0.73140    -0.05480    0.14120    0.54309    -0.01568    
137.88820    0.73140    -0.05640    0.14340    0.54479    -0.01266    
138.26089    0.73030    -0.05720    0.14530    0.54282    -0.01463    
138.63350    0.72880    -0.05890    0.14790    0.54269    -0.01562    
139.00620    0.72830    -0.05890    0.14990    0.54446    -0.01306    
139.37889    0.72830    -0.06040    0.15220    0.54440    -0.01489    
139.75159    0.72740    -0.05980    0.15420    0.54427    -0.01371    
140.12419    0.72820    -0.06060    0.15590    0.54604    -0.01581    
140.49689    0.72690    -0.05990    0.15780    0.54407    -0.01562    
140.86960    0.72890    -0.06080    0.16060    0.54394    -0.01562    
141.24219    0.72700    -0.06080    0.16230    0.54000    -0.01745    
141.61490    0.72630    -0.06090    0.16510    0.52471    -0.01863    
141.98759    0.72470    -0.05920    0.16680    0.50057    -0.02132    
142.36020    0.71590    -0.04920    0.16580    0.48554    -0.01719    
142.73289    0.70350    -0.02910    0.15870    0.51461    -0.00643    
143.10559    0.69430    -0.00090    0.14060    0.54282    0.00125    
143.47829    0.70850    0.01790    0.13350    0.54892    0.00623    
143.85089    0.72240    0.02770    0.13370    0.54952    0.00709    
144.22359    0.72330    0.03010    0.13280    0.54984    0.00650    
144.59630    0.72300    0.03420    0.13220    0.54971    0.00597    
144.96889    0.72380    0.03550    0.13100    0.54768    0.00827    
145.34160    0.72460    0.03360    0.12890    0.54932    0.00735    
145.71429    0.72190    0.03210    0.12720    0.54840    0.00223    
146.08699    0.72430    0.02780    0.12470    0.54801    -0.00138    
146.45959    0.72740    0.02000    0.12520    0.54768    -0.00118    
146.83229    0.72970    0.01490    0.12500    0.54578    -0.00144    
147.20499    0.72950    0.01220    0.12470    0.54761    -0.00223    
147.57759    0.72870    0.01030    0.12280    0.54748    -0.00282    
147.95029    0.73070    0.00800    0.12190    0.54742    -0.00459    
148.32300    0.73110    0.00590    0.12120    0.54551    -0.00492    
148.69559    0.73250    0.00300    0.12000    0.54538    -0.00623    
149.06830    0.73150    0.00320    0.11960    0.54341    -0.00584    
149.44099    0.73240    0.00030    0.11910    0.54512    -0.00564    
149.81369    0.73090    -0.00090    0.11840    0.54492    -0.00433    
150.18629    0.73190    -0.00320    0.11870    0.54683    -0.00636    
150.55899    0.73090    -0.00600    0.11820    0.54683    -0.00709    
150.93169    0.73360    -0.00700    0.11840    0.54669    -0.00630    
151.30440    0.73400    -0.00770    0.11850    0.54656    -0.00853    
151.67699    0.73330    -0.00840    0.11900    0.54466    -0.00846    
152.04970    0.73460    -0.01070    0.11930    0.54650    -0.00689    
152.42239    0.73340    -0.01120    0.11880    0.54643    -0.00945    
152.79500    0.73370    -0.01270    0.11810    0.54637    -0.01083    
153.16769    0.73530    -0.01430    0.11860    0.54617    -0.00755    
153.54039    0.73590    -0.01500    0.11950    0.54814    -0.00846    
153.91299    0.73360    -0.01640    0.11940    0.54807    -0.01030    
154.28569    0.73550    -0.01730    0.11930    0.54794    -0.01024    
154.65839    0.73670    -0.01810    0.11970    0.54604    -0.01194    
155.03110    0.73640    -0.01950    0.12030    0.54610    -0.01148    
155.40369    0.73630    -0.02090    0.12010    0.54414    -0.01096    
155.77640    0.73620    -0.02160    0.11860    0.54584    -0.00938    
156.14909    0.73450    -0.02210    0.11870    0.54584    -0.01135    
156.52170    0.73430    -0.02300    0.12010    0.54387    -0.01115    
156.89439    0.73570    -0.02450    0.11980    0.54558    -0.01037    
157.26709    0.73420    -0.02430    0.12000    0.54571    -0.01063    
157.63979    0.73450    -0.02600    0.12150    0.54558    -0.01017    
158.01239    0.73490    -0.02740    0.12020    0.54551    -0.01089    
158.38509    0.73440    -0.02960    0.12060    0.54538    -0.01037    
158.75780    0.73480    -0.03040    0.12080    0.54722    -0.00978    
159.13039    0.73400    -0.03190    0.12190    0.54532    -0.01148    
159.50310    0.73480    -0.03270    0.12220    0.54512    -0.01201    
159.87579    0.73470    -0.03410    0.12200    0.54505    -0.00938    
160.24840    0.73460    -0.03560    0.12340    0.54696    -0.00912    
160.62109    0.73270    -0.03560    0.12360    0.54499    -0.01037    
160.99379    0.73380    -0.03570    0.12390    0.54486    -0.00997    
161.36649    0.73310    -0.03710    0.12440    0.54663    -0.00656    
161.73909    0.73260    -0.03930    0.12490    0.54650    -0.00971    
162.11179    0.73120    -0.03940    0.12600    0.54643    -0.00925    
162.48450    0.73300    -0.04100    0.12720    0.54617    -0.01056    
162.85709    0.73240    -0.04330    0.12770    0.54420    -0.00925    
163.22980    0.73260    -0.04340    0.13070    0.54597    -0.00551    
163.60249    0.73040    -0.04320    0.13080    0.54414    -0.00886    
163.97519    0.72880    -0.04410    0.13170    0.54387    -0.00905    
164.34779    0.72980    -0.04550    0.13120    0.54387    -0.00689    
164.72049    0.72930    -0.04550    0.13410    0.54564    -0.00741    
165.09319    0.72790    -0.04550    0.13360    0.54551    -0.00591    
165.46579    0.72910    -0.04650    0.13550    0.54545    -0.00722    
165.83849    0.72760    -0.04650    0.13730    0.54532    -0.00735    
166.21120    0.72820    -0.04730    0.13820    0.54525    -0.00741    
166.58379    0.72790    -0.04730    0.13960    0.54322    -0.00597    
166.95650    0.72770    -0.04740    0.14100    0.54512    -0.00604    
167.32919    0.72520    -0.04650    0.14180    0.54322    -0.00433    
167.70189    0.72650    -0.04590    0.14220    0.54505    -0.00531    
168.07449    0.72410    -0.04430    0.14230    0.54131    -0.00623    
168.44719    0.72590    -0.04290    0.14360    0.52786    -0.01083    
168.81989    0.72410    -0.04190    0.14300    0.49926    -0.01529    
169.19260    0.71810    -0.04260    0.14250    0.47288    -0.01686    
169.56519    0.70180    -0.04300    0.13860    0.47924    -0.01503    
169.93790    0.68600    -0.03640    0.13030    0.51422    -0.00564    
170.31059    0.69070    -0.03030    0.12410    0.53757    0.00177    
170.68320    0.70890    -0.01980    0.12640    0.54604    0.00748    
171.05589    0.71950    -0.00920    0.13060    0.54676    0.00814    
171.42859    0.72150    0.00190    0.13040    0.54722    0.01293    
171.80119    0.72180    0.00900    0.12870    0.54755    0.01063    
172.17389    0.71930    0.01220    0.12580    0.54578    0.00932    
172.54659    0.72150    0.01280    0.12360    0.54400    0.00827    
172.91930    0.72140    0.01300    0.12200    0.54374    0.00741    
173.29189    0.72130    0.01180    0.11970    0.54696    0.00230    
173.66460    0.72180    0.00890    0.11960    0.54702    -0.00013    
174.03729    0.72760    -0.00020    0.11970    0.54689    -0.00039    
174.40990    0.72940    -0.00170    0.11870    0.54689    -0.00223    
174.78259    0.72960    -0.00450    0.11790    0.54689    -0.00433    
175.15529    0.73080    -0.00540    0.11820    0.54505    -0.00381    
175.52800    0.73240    -0.00750    0.11720    0.54486    -0.00558    
175.90059    0.73110    -0.00870    0.11520    0.54656    -0.00630    
176.27328    0.73200    -0.01100    0.11610    0.54676    -0.00518    
176.64600    0.73340    -0.01260    0.11730    0.54669    -0.00781    
177.01859    0.73320    -0.01330    0.11500    0.54683    -0.00715    
177.39130    0.73480    -0.01480    0.11550    0.54663    -0.00892    
177.76399    0.73450    -0.01480    0.11470    0.54656    -0.00748    
178.13660    0.73540    -0.01700    0.11560    0.54656    -0.00840    
178.50929    0.73450    -0.01770    0.11530    0.54663    -0.01030    
178.88199    0.73510    -0.01920    0.11470    0.54459    -0.01089    
179.25470    0.73650    -0.02070    0.11440    0.54459    -0.00945    
179.62729    0.73540    -0.02130    0.11470    0.54643    -0.00846    
180.00000    0.73450    -0.02190    0.11430    0.54833    -0.00932    
180.37270    0.73500    -0.02350    0.11450    0.54643    -0.01083    
180.74529    0.73670    -0.02370    0.11510    0.54643    -0.01083    
181.11800    0.73650    -0.02650    0.11420    0.54433    -0.00965    
181.49069    0.73650    -0.02650    0.11420    0.54433    -0.00965    
181.86339    0.73430    -0.02850    0.11400    0.54440    -0.01083    
182.23599    0.73430    -0.02850    0.11400    0.54623    -0.00866    
182.60869    0.73520    -0.02930    0.11360    0.54610    -0.01181    
182.98140    0.73480    -0.03010    0.11420    0.54604    -0.01102    
183.35399    0.73660    -0.03170    0.11540    0.54407    -0.01063    
183.72670    0.73590    -0.03240    0.11590    0.54400    -0.01050    
184.09940    0.73430    -0.03370    0.11530    0.54400    -0.01266    
184.47198    0.73400    -0.03520    0.11590    0.54204    -0.01339    
184.84470    0.73540    -0.03530    0.11640    0.54387    -0.00978    
185.21739    0.73460    -0.03670    0.11600    0.54578    -0.01056    
185.59009    0.73320    -0.03820    0.11620    0.54374    -0.01148    
185.96269    0.73490    -0.03840    0.11680    0.54545    -0.01063    
186.33539    0.73400    -0.04050    0.11720    0.54545    -0.01102    
186.70810    0.73430    -0.04210    0.11870    0.54532    -0.01050    
187.08069    0.73450    -0.04360    0.11870    0.54512    -0.01096    
187.45340    0.73370    -0.04520    0.11990    0.54505    -0.01050    
187.82610    0.73360    -0.04670    0.12130    0.54486    -0.00945    
188.19879    0.73320    -0.04670    0.12190    0.54492    -0.00886    
188.57140    0.73190    -0.04830    0.12370    0.54486    -0.01024    
188.94409    0.73150    -0.05050    0.12270    0.54466    -0.00912    
189.31679    0.73220    -0.05130    0.12370    0.54650    -0.00728    
189.68939    0.73100    -0.05060    0.12550    0.54637    -0.00925    
190.06209    0.73080    -0.05290    0.12620    0.54440    -0.00938    
190.43480    0.73160    -0.05370    0.12790    0.54420    -0.00866    
190.80739    0.73030    -0.05520    0.12810    0.54217    -0.01234    
191.18010    0.72920    -0.05600    0.13000    0.54204    -0.00991    
191.55280    0.73010    -0.05590    0.13180    0.54368    -0.00656    
191.92549    0.72810    -0.05670    0.13260    0.54354    -0.00938    
192.29810    0.72650    -0.05690    0.13520    0.54558    -0.00722    
192.67079    0.72780    -0.05700    0.13780    0.54335    -0.00925    
193.04349    0.72770    -0.06080    0.13620    0.54138    -0.01010    
193.41620    0.72690    -0.05780    0.14050    0.54125    -0.00820    
193.78879    0.72600    -0.06000    0.14090    0.54302    -0.00860    
194.16150    0.72430    -0.05860    0.14270    0.54466    -0.00899    
194.53419    0.72510    -0.06100    0.14520    0.54282    -0.01017    
194.90680    0.72590    -0.05900    0.14930    0.54446    -0.00951    
195.27950    0.72530    -0.06260    0.14820    0.54420    -0.01083    
195.65219    0.72490    -0.06290    0.15340    0.54020    -0.00912    
196.02480    0.72530    -0.05690    0.15740    0.53810    -0.01181    
196.39749    0.72100    -0.05380    0.15990    0.52845    -0.01345    
196.77019    0.72020    -0.05450    0.16490    0.51520    -0.01286    
197.14290    0.71430    -0.05250    0.16700    0.49302    -0.01489    
197.51549    0.70570    -0.04320    0.16460    0.48994    -0.01240    
197.88820    0.69450    -0.02600    0.15460    0.52622    -0.00669    
198.26089    0.69230    -0.01480    0.14810    0.54217    0.00144    
198.63350    0.71600    0.00070    0.13880    0.54610    0.00282    
199.00620    0.72180    0.00600    0.13670    0.54630    0.00085    
199.37889    0.72370    0.00640    0.13580    0.54656    0.00472    
199.75159    0.72570    0.00640    0.13350    0.54676    0.00833    
200.12419    0.72340    0.00870    0.13210    0.54505    0.00636    
200.49689    0.72150    0.00970    0.12940    0.54689    0.00446    
200.86960    0.72220    0.00920    0.12650    0.54512    0.00341    
201.24219    0.72490    0.00680    0.12580    0.54256    -0.00466    
201.61490    0.72490    0.00560    0.12350    0.54249    -0.00630    
201.98759    0.72870    -0.00450    0.12340    0.54236    -0.00840    
202.36020    0.72980    -0.00670    0.12290    0.54243    -0.01102    
202.73289    0.73090    -0.00830    0.12400    0.54249    -0.00591    
203.10559    0.73280    -0.00840    0.12390    0.54236    -0.00853    
203.47829    0.72980    -0.00950    0.12130    0.54414    -0.01030    
203.85089    0.73140    -0.01110    0.12180    0.54223    -0.01024    
204.22359    0.73350    -0.01280    0.12320    0.54400    -0.01148    
204.59630    0.73230    -0.01340    0.12270    0.54217    -0.01188    
204.96889    0.73420    -0.01500    0.12330    0.54394    -0.01188    
205.34160    0.73340    -0.01560    0.12230    0.54407    -0.01253    
205.71429    0.73440    -0.01650    0.12330    0.54217    -0.01247    
206.08699    0.73510    -0.01720    0.12210    0.54400    -0.01109    
206.45959    0.73380    -0.01770    0.12160    0.54394    -0.01365    
206.83229    0.73410    -0.01780    0.12170    0.54394    -0.01365    
207.20499    0.73570    -0.01940    0.12220    0.54394    -0.01404    
207.57759    0.73570    -0.01940    0.12220    0.54394    -0.01529    
207.95029    0.73590    -0.02080    0.12220    0.54394    -0.01529    
208.32300    0.73680    -0.02160    0.12170    0.54184    -0.01503    
208.69559    0.73680    -0.02160    0.12170    0.54190    -0.01548    
209.06830    0.73510    -0.02290    0.12250    0.54190    -0.01483    
209.44099    0.73550    -0.02290    0.12190    0.54184    -0.01450    
209.81369    0.73500    -0.02430    0.12170    0.54374    -0.01384    
210.18629    0.73480    -0.02510    0.12160    0.54368    -0.01857    
210.55899    0.73550    -0.02590    0.12190    0.54177    -0.01818    
210.93169    0.73850    -0.02750    0.12280    0.54348    -0.01621    
211.30440    0.73700    -0.02880    0.12220    0.54341    -0.01516    
211.67699    0.73660    -0.02820    0.12360    0.54348    -0.01732    
212.04970    0.73580    -0.03040    0.12330    0.54341    -0.01772    
212.42239    0.73720    -0.03040    0.12370    0.54144    -0.01831    
212.79500    0.73740    -0.03190    0.12370    0.54322    -0.01535    
213.16769    0.73640    -0.03250    0.12410    0.54512    -0.01548    
213.54039    0.73550    -0.03260    0.12460    0.54328    -0.01772    
213.91299    0.73670    -0.03420    0.12490    0.54309    -0.01568    
214.28569    0.73700    -0.03560    0.12420    0.54492    -0.01529    
214.65839    0.73540    -0.03560    0.12520    0.54486    -0.01568    
215.03110    0.73610    -0.03720    0.12610    0.54282    -0.01680    
215.40369    0.73630    -0.03870    0.12610    0.54466    -0.01463    
215.77640    0.73550    -0.03940    0.12730    0.54459    -0.01673    
216.14909    0.73510    -0.04020    0.12790    0.54433    -0.01345    
216.52170    0.73610    -0.04170    0.12890    0.54440    -0.01529    
216.89439    0.73350    -0.04320    0.13020    0.54420    -0.01398    
217.26709    0.73460    -0.04400    0.13060    0.54230    -0.01667    
217.63979    0.73340    -0.04480    0.13170    0.54230    -0.01358    
218.01239    0.73370    -0.04540    0.13240    0.54400    -0.01188    
218.38509    0.73180    -0.04610    0.13110    0.54210    -0.01463    
218.75780    0.73130    -0.04850    0.13310    0.54387    -0.01266    
219.13039    0.73180    -0.05000    0.13320    0.54571    -0.01194    
219.50310    0.73130    -0.05160    0.13450    0.54381    -0.01279    
219.87579    0.73180    -0.05170    0.13550    0.54374    -0.01161    
220.24840    0.73090    -0.05390    0.13580    0.54348    -0.01214    
220.62109    0.72980    -0.05540    0.13620    0.54335    -0.01352    
220.99379    0.72940    -0.05700    0.13910    0.54335    -0.01063    
221.36649    0.72970    -0.05780    0.14140    0.54505    -0.01411    
221.73909    0.73040    -0.06110    0.14460    0.54295    -0.01371    
222.11179    0.72800    -0.06190    0.14750    0.54276    -0.01325    
222.48450    0.72670    -0.06420    0.15090    0.54066    -0.01457    
222.85709    0.72550    -0.06350    0.15420    0.54223    -0.01299    
223.22980    0.72420    -0.06450    0.15990    0.54381    -0.01240    
223.60249    0.72390    -0.06100    0.16590    0.53987    -0.01608    
223.97519    0.72310    -0.05780    0.16940    0.52655    -0.01870    
224.34779    0.71640    -0.04860    0.16900    0.51153    -0.01509    
224.72049    0.70480    -0.03310    0.16680    0.49722    -0.01476    
225.09319    0.69730    -0.01650    0.15660    0.49657    -0.00925    
225.46579    0.69470    -0.00030    0.14950    0.50490    -0.00440    
225.83849    0.70070    0.01640    0.13080    0.53423    -0.00046    
226.21120    0.71860    0.01840    0.13030    0.54630    0.00151    
226.58379    0.72600    0.02070    0.12780    0.54742    0.00374    
226.95650    0.72620    0.02520    0.12150    0.54958    0.00860    
227.32919    0.72410    0.02800    0.12170    0.54794    0.00761    
227.70189    0.72440    0.02700    0.11800    0.54761    0.00997    
228.07449    0.72270    0.02440    0.11730    0.54761    0.00853    
228.44719    0.72390    0.02300    0.11610    0.54748    0.00518    
228.81989    0.72680    0.01800    0.11300    0.54637    -0.00007    
229.19260    0.72950    0.00790    0.11480    0.54446    -0.00243    
229.56519    0.73000    0.00590    0.11340    0.54610    -0.00085    
229.93790    0.73010    0.00290    0.11330    0.54801    -0.00262    
230.31059    0.73270    0.00050    0.11260    0.54597    -0.00420    
230.68320    0.73260    -0.00220    0.11170    0.54400    -0.00597    
231.05589    0.73250    -0.00350    0.11150    0.54591    -0.00367    
231.42859    0.73230    -0.00430    0.11070    0.54774    -0.00525    
231.80119    0.73450    -0.00520    0.11150    0.54584    -0.00440    
232.17389    0.73280    -0.00500    0.11090    0.54558    -0.00584    
232.54659    0.73340    -0.00800    0.11170    0.54558    -0.00663    
232.91930    0.73390    -0.00870    0.11180    0.54735    -0.00564    
233.29189    0.73440    -0.01030    0.11190    0.54728    -0.00820    
233.66460    0.73600    -0.01190    0.11240    0.54532    -0.00781    
234.03729    0.73450    -0.01310    0.11180    0.54518    -0.00702    
234.40990    0.73380    -0.01380    0.11220    0.54505    -0.00840    
234.78259    0.73440    -0.01460    0.11320    0.54499    -0.00735    
235.15529    0.73370    -0.01670    0.11280    0.54492    -0.00919    
235.52800    0.73480    -0.01760    0.11320    0.54669    -0.00702    
235.90059    0.73440    -0.01840    0.11380    0.54669    -0.00991    
236.27328    0.73630    -0.01920    0.11440    0.54669    -0.00774    
236.64600    0.73490    -0.01910    0.11390    0.54656    -0.01096    
237.01859    0.73670    -0.02070    0.11520    0.54446    -0.00886    
237.39130    0.73380    -0.02120    0.11560    0.54637    -0.00873    
237.76399    0.73510    -0.02210    0.11530    0.54637    -0.01056    
238.13660    0.73620    -0.02290    0.11560    0.54446    -0.01266    
238.50929    0.73630    -0.02350    0.11560    0.54427    -0.00886    
238.88199    0.73350    -0.02490    0.11610    0.54427    -0.00886    
239.25470    0.73350    -0.02490    0.11610    0.54610    -0.00787    
239.62729    0.73400    -0.02650    0.11620    0.54604    -0.01070    
240.00000    0.73560    -0.02660    0.11750    0.54597    -0.00925    
240.37270    0.73470    -0.02730    0.11720    0.54584    -0.00886    
240.74529    0.73410    -0.02950    0.11760    0.54591    -0.01004    
241.11800    0.73500    -0.03020    0.11720    0.54584    -0.00846    
241.49069    0.73390    -0.03020    0.11750    0.54578    -0.00965    
241.86339    0.73450    -0.03250    0.11760    0.54578    -0.01037    
242.23599    0.73490    -0.03320    0.11780    0.54755    -0.00781    
242.60869    0.73430    -0.03480    0.11820    0.54551    -0.00899    
242.98140    0.73340    -0.03550    0.11940    0.54735    -0.00800    
243.35399    0.73390    -0.03710    0.11950    0.54899    -0.00814    
243.72670    0.73470    -0.03800    0.12200    0.54702    -0.00794    
244.09940    0.73320    -0.03790    0.12220    0.54702    -0.00833    
244.47198    0.73340    -0.03940    0.12220    0.54689    -0.00774    
244.84470    0.73270    -0.03870    0.12350    0.54683    -0.00728    
245.21739    0.73220    -0.03870    0.12410    0.54479    -0.00531    
245.59009    0.72950    -0.04000    0.12380    0.54479    -0.00604    
245.96269    0.72990    -0.04080    0.12400    0.54466    -0.00794    
246.33539    0.73080    -0.04160    0.12570    0.54453    -0.00446    
246.70810    0.72820    -0.04230    0.12630    0.54643    -0.00492    
247.08069    0.72960    -0.04320    0.12680    0.54446    -0.00328    
247.45340    0.72720    -0.04380    0.12670    0.54440    -0.00466    
247.82610    0.72780    -0.04460    0.12760    0.54236    -0.00394    
248.19879    0.72580    -0.04450    0.12850    0.54414    -0.00105    
248.57140    0.72500    -0.04460    0.12900    0.54407    -0.00308    
248.94409    0.72600    -0.04620    0.13000    0.54400    -0.00426    
249.31679    0.72650    -0.04620    0.13170    0.54394    -0.00125    
249.68939    0.72440    -0.04470    0.13180    0.54387    -0.00184    
250.06209    0.72460    -0.04470    0.13260    0.54394    -0.00085    
250.43480    0.72430    -0.04320    0.13180    0.54400    -0.00243    
250.80739    0.72540    -0.04320    0.13140    0.53449    -0.00617    
251.18010    0.72170    -0.04110    0.13090    0.51166    -0.00853    
251.55280    0.70830    -0.03950    0.12620    0.47163    -0.01804    
251.92549    0.68750    -0.03750    0.12120    0.44539    -0.01988    
252.29810    0.67140    -0.03220    0.11240    0.45365    -0.01522    
252.67079    0.67500    -0.02220    0.10930    0.47518    -0.00892    
253.04349    0.68600    -0.01220    0.11140    0.51231    0.00039    
253.41620    0.70530    0.00030    0.11610    0.54158    0.00551    
253.78879    0.72140    0.00770    0.12090    0.54578    0.00807    
254.16150    0.72260    0.01020    0.12000    0.54801    0.00860    
254.53419    0.72390    0.01220    0.11910    0.54676    0.01247    
254.90680    0.72080    0.01690    0.11610    0.54722    0.01555    
255.27950    0.71920    0.02000    0.11430    0.54709    0.01391    
255.65219    0.72040    0.01780    0.11380    0.54525    0.01312    
256.02478    0.71980    0.01800    0.11280    0.54499    0.01096    
256.39749    0.72140    0.01370    0.11160    0.54617    0.00623    
256.77017    0.72540    0.00540    0.11260    0.54794    0.00518    
257.14288    0.72740    0.00230    0.11240    0.54787    0.00105    
257.51547    0.73020    0.00070    0.11250    0.54768    0.00112    
257.88818    0.72990    -0.00070    0.11310    0.54768    -0.00085    
258.26089    0.73130    -0.00220    0.11270    0.54571    -0.00046    
258.63348    0.72980    -0.00340    0.11210    0.54768    0.00066    
259.00620    0.73050    -0.00500    0.11090    0.54742    -0.00131    
259.37888    0.73150    -0.00590    0.11260    0.54755    -0.00171    
259.75159    0.73210    -0.00800    0.11050    0.54564    -0.00472    
260.12418    0.73290    -0.01010    0.10990    0.54551    -0.00420    
260.49689    0.73240    -0.01000    0.11050    0.54551    -0.00151    
260.86960    0.73070    -0.01210    0.10910    0.54735    -0.00328    
261.24219    0.73300    -0.01160    0.11060    0.54742    -0.00426    
261.61490    0.73380    -0.01380    0.10940    0.54722    -0.00420    
261.98758    0.73360    -0.01520    0.11000    0.54709    -0.00682    
262.36029    0.73510    -0.01900    0.11030    0.54715    -0.00479    
262.73288    0.73390    -0.01960    0.10920    0.54886    -0.00446    
263.10559    0.73470    -0.02130    0.11010    0.54683    -0.00833    
263.47827    0.73560    -0.02410    0.11100    0.54853    -0.00577    
263.85089    0.73500    -0.02570    0.11150    0.54860    -0.00919    
264.22357    0.73730    -0.02650    0.11150    0.54860    -0.00558    
264.59628    0.73490    -0.02710    0.11070    0.54847    -0.00656    
264.96887    0.73540    -0.02870    0.11150    0.55017    -0.00755    
265.34158    0.73690    -0.02890    0.11350    0.54833    -0.00892    
265.71429    0.73660    -0.02880    0.11340    0.54637    -0.01070    
266.08688    0.73640    -0.03010    0.11320    0.54610    -0.00735    
266.45959    0.73370    -0.02870    0.11530    0.54610    -0.00571    
266.83228    0.73270    -0.03080    0.11410    0.54623    -0.00755    
267.20499    0.73410    -0.03010    0.11390    0.54604    -0.00630    
267.57758    0.73290    -0.03080    0.11500    0.54604    -0.00702    
267.95029    0.73330    -0.03160    0.11510    0.54578    -0.00531    
268.32300    0.73170    -0.03240    0.11670    0.54591    -0.00807    
268.69559    0.73380    -0.03310    0.11590    0.54578    -0.00820    
269.06830    0.73350    -0.03310    0.11730    0.54381    -0.00781    
269.44098    0.73200    -0.03450    0.11670    0.54368    -0.00466    
269.81369    0.72960    -0.03450    0.11740    0.54545    -0.00505    
270.18628    0.73080    -0.03690    0.11840    0.54525    -0.00558    
270.55899    0.73070    -0.03840    0.11990    0.54532    -0.00538    
270.93167    0.73070    -0.03990    0.11910    0.54532    -0.00755    
271.30438    0.73210    -0.03990    0.11950    0.54328    -0.00650    
271.67697    0.72980    -0.04050    0.12020    0.54131    -0.00486    
272.04968    0.72740    -0.04110    0.12010    0.54309    -0.00236    
272.42239    0.72670    -0.04280    0.12060    0.54302    -0.00367    
272.79498    0.72740    -0.04360    0.12150    0.54486    -0.00440    
273.16769    0.72880    -0.04520    0.12270    0.54479    -0.00394    
273.54037    0.72820    -0.04750    0.12320    0.54466    -0.00492    
273.91309    0.72860    -0.04900    0.12400    0.54269    -0.00367    
274.28568    0.72620    -0.05120    0.12390    0.54446    -0.00282    
274.65839    0.72650    -0.05280    0.12550    0.54440    -0.00269    
275.03110    0.72610    -0.05440    0.12610    0.54446    -0.00486    
275.40369    0.72740    -0.05670    0.12640    0.54427    -0.00341    
275.77640    0.72590    -0.05670    0.12820    0.54427    -0.00157    
276.14908    0.72470    -0.05830    0.12780    0.54420    -0.00328    
276.52170    0.72560    -0.05820    0.12880    0.54414    -0.00138    
276.89438    0.72430    -0.05680    0.12920    0.54597    -0.00348    
277.26709    0.72660    -0.05760    0.13070    0.54584    -0.00361    
277.63968    0.72620    -0.06000    0.13200    0.54394    -0.00479    
278.01239    0.72550    -0.06140    0.13250    0.54381    -0.00236    
278.38507    0.72350    -0.06220    0.13340    0.54551    -0.00604    
278.75778    0.72660    -0.06240    0.13660    0.53580    -0.00905    
279.13037    0.72190    -0.06120    0.13800    0.50693    -0.01214    
279.50308    0.70470    -0.05120    0.13710    0.45956    -0.01942    
279.87579    0.67860    -0.03770    0.12690    0.44342    -0.01640    
280.24838    0.66720    -0.02240    0.11540    0.46389    -0.01194    
280.62109    0.68060    -0.01270    0.10780    0.51048    -0.00328    
280.99377    0.70730    -0.00540    0.11190    0.54007    0.00499    
281.36649    0.72160    0.00590    0.11560    0.54656    0.00899    
281.73907    0.72310    0.01400    0.11600    0.54722    0.01220    
282.11179    0.72150    0.01910    0.11430    0.54709    0.01391    
282.48450    0.72040    0.01780    0.11380    0.54912    0.01227    
282.85709    0.72280    0.01820    0.11400    0.54755    0.01489    
283.22980    0.72010    0.02080    0.11240    0.54945    0.01503    
283.60248    0.72140    0.01990    0.11210    0.54696    0.01089    
283.97519    0.72270    0.01420    0.11210    0.54617    0.00623    
284.34778    0.72540    0.00540    0.11260    0.54794    0.00302    
284.72049    0.72880    0.00220    0.11280    0.54794    0.00518    
285.09317    0.72740    0.00230    0.11240    0.54774    0.00184    
285.46588    0.72950    0.00000    0.11290    0.54755    0.00105    
285.83847    0.72990    -0.00290    0.11290    0.54742    -0.00013    
286.21118    0.73050    -0.00510    0.11310    0.54558    -0.00052    
286.58389    0.72970    -0.00560    0.11200    0.54748    -0.00144    
286.95648    0.73170    -0.00650    0.11190    0.54558    -0.00249    
287.32919    0.73110    -0.00710    0.11160    0.54722    -0.00072    
287.70187    0.73090    -0.00940    0.11220    0.54715    -0.00361    
288.07449    0.73280    -0.01030    0.11280    0.54715    -0.00361    
288.44717    0.73280    -0.01030    0.11280    0.54709    -0.00282    
288.81989    0.73210    -0.01100    0.11330    0.54722    -0.00486    
289.19247    0.73370    -0.01100    0.11240    0.54709    -0.00374    
289.56519    0.73270    -0.01250    0.11270    0.54702    -0.00446    
289.93790    0.73320    -0.01320    0.11280    0.54689    -0.00367    
290.31049    0.73250    -0.01390    0.11330    0.54505    -0.00623    
290.68320    0.73300    -0.01450    0.11270    0.54492    -0.00538    
291.05588    0.73230    -0.01520    0.11310    0.54696    -0.00486    
291.42859    0.73340    -0.01470    0.11280    0.54683    -0.00623    
291.80118    0.73410    -0.01540    0.11380    0.54683    -0.00696    
292.17389    0.73450    -0.01620    0.11390    0.54866    -0.00525    
292.54657    0.73460    -0.01700    0.11390    0.54676    -0.00663    
292.91928    0.73430    -0.01690    0.11380    0.54853    -0.00735    
293.29187    0.73570    -0.01860    0.11500    0.54663    -0.00656    
293.66458    0.73400    -0.01840    0.11440    0.54860    -0.00564    
294.03729    0.73480    -0.01850    0.11390    0.54860    -0.00860    
294.40988    0.73660    -0.01930    0.11450    0.54669    -0.00899    
294.78259    0.73580    -0.01990    0.11340    0.54853    -0.00682    
295.15527    0.73540    -0.02070    0.11400    0.54847    -0.00722    
295.52798    0.73560    -0.02220    0.11400    0.54833    -0.00860    
295.90057    0.73630    -0.02300    0.11500    0.54637    -0.00696    
296.27328    0.73380    -0.02350    0.11480    0.54814    -0.00840    
296.64600    0.73580    -0.02370    0.11620    0.54807    -0.00663    
297.01859    0.73460    -0.02510    0.11580    0.54801    -0.00577    
297.39130    0.73390    -0.02590    0.11620    0.54787    -0.00715    
297.76398    0.73460    -0.02670    0.11720    0.54591    -0.00768    
298.13669    0.73350    -0.02730    0.11750    0.54571    -0.00820    
298.50928    0.73350    -0.02880    0.11890    0.54564    -0.00650    
298.88199    0.73220    -0.03020    0.11840    0.54564    -0.00650    
299.25470    0.73220    -0.03020    0.11840    0.54551    -0.00702    
299.62729    0.73220    -0.03170    0.11980    0.54538    -0.00584    
300.00000    0.73120    -0.03320    0.12020    0.54715    -0.00440    
300.37268    0.73120    -0.03480    0.12090    0.54715    -0.00656    
300.74527    0.73260    -0.03490    0.12140    0.54715    -0.00623    
301.11798    0.73240    -0.03560    0.12130    0.54709    -0.00538    
301.49069    0.73160    -0.03630    0.12170    0.54505    -0.00630    
301.86328    0.73070    -0.03850    0.12210    0.54499    -0.00551    
302.23599    0.73000    -0.03920    0.12260    0.54479    -0.00604    
302.60867    0.72990    -0.04080    0.12400    0.54473    -0.00446    
302.98138    0.72870    -0.04080    0.12430    0.54656    -0.00407    
303.35397    0.72950    -0.04240    0.12530    0.54637    -0.00591    
303.72668    0.73000    -0.04470    0.12760    0.54440    -0.00426    
304.09940    0.72750    -0.04540    0.12750    0.54610    -0.00486    
304.47198    0.72870    -0.04630    0.12940    0.54414    -0.00702    
304.84470    0.72860    -0.04700    0.13080    0.54407    -0.00656    
305.21738    0.72810    -0.04700    0.13140    0.54591    -0.00361    
305.59009    0.72720    -0.04710    0.13190    0.54394    -0.00630    
305.96268    0.72750    -0.04780    0.13270    0.53449    -0.01109    
306.33539    0.72470    -0.04790    0.13090    0.50201    -0.01772    
306.70810    0.70720    -0.05060    0.12690    0.46769    -0.02493    
307.08069    0.68870    -0.04770    0.12280    0.43213    -0.02395    
307.45340    0.66500    -0.03120    0.11000    0.45451    -0.01548    
307.82608    0.67700    -0.01970    0.10210    0.50103    -0.00689    
308.19879    0.70390    -0.01200    0.10640    0.52996    0.00131    
308.57138    0.71760    -0.00340    0.11280    0.54341    0.00709    
308.94409    0.72200    0.00400    0.11870    0.54578    0.00689    
309.31677    0.72350    0.00950    0.11960    0.54630    0.01056    
309.68948    0.72150    0.01460    0.11840    0.54847    0.01030    
310.06207    0.72320    0.01590    0.11770    0.54683    0.00886    
310.43478    0.72320    0.01740    0.11690    0.54669    0.00971    
310.80750    0.72240    0.01670    0.11740    0.54669    0.00827    
311.18008    0.72360    0.01530    0.11620    0.54787    0.00236    
311.55280    0.72860    0.00630    0.11670    0.54400    -0.00203    
311.92548    0.72910    0.00430    0.11590    0.54394    -0.00276    
312.29810    0.72950    0.00360    0.11600    0.54578    -0.00125    
312.67078    0.72990    0.00210    0.11540    0.54578    -0.00322    
313.04349    0.73120    0.00060    0.11500    0.54564    -0.00577    
313.41608    0.73290    -0.00100    0.11550    0.54374    -0.00479    
313.78879    0.73110    -0.00210    0.11410    0.54558    -0.00525    
314.16150    0.73260    -0.00310    0.11450    0.54551    -0.00597    
314.53409    0.73300    -0.00380    0.11470    0.54368    -0.00860    
314.90680    0.73360    -0.00440    0.11410    0.54558    -0.00702    
315.27948    0.73390    -0.00590    0.11340    0.54551    -0.00774    
315.65219    0.73440    -0.00670    0.11350    0.54545    -0.00741    
316.02478    0.73410    -0.00740    0.11340    0.54551    -0.01083    
316.39749    0.73640    -0.00830    0.11340    0.54545    -0.00938    
316.77017    0.73550    -0.00890    0.11310    0.54742    -0.00925    
317.14288    0.73670    -0.00980    0.11280    0.54728    -0.01056    
317.51547    0.73740    -0.01060    0.11370    0.54532    -0.01234    
317.88818    0.73730    -0.01190    0.11350    0.54722    -0.01076    
318.26089    0.73760    -0.01340    0.11290    0.54728    -0.01234    
318.63348    0.73870    -0.01340    0.11260    0.54538    -0.01155    
319.00620    0.73700    -0.01320    0.11190    0.54525    -0.01286    
319.37888    0.73770    -0.01400    0.11290    0.54505    -0.01129    
319.75159    0.73630    -0.01540    0.11380    0.54696    -0.01115    
320.12418    0.73750    -0.01630    0.11350    0.54696    -0.01332    
320.49689    0.73890    -0.01640    0.11390    0.54696    -0.01299    
320.86960    0.73870    -0.01710    0.11380    0.54683    -0.01214    
321.24219    0.73800    -0.01780    0.11430    0.54669    -0.01352    
321.61490    0.73860    -0.01860    0.11520    0.54479    -0.01529    
321.98758    0.73850    -0.02000    0.11500    0.54453    -0.01365    
322.36029    0.73710    -0.02140    0.11600    0.54630    -0.01148    
322.73288    0.73670    -0.02220    0.11660    0.54637    -0.01273    
323.10559    0.73760    -0.02300    0.11610    0.54610    -0.01384    
323.47827    0.73780    -0.02450    0.11830    0.54610    -0.01417    
323.85089    0.73800    -0.02380    0.11840    0.54400    -0.01391    
324.22357    0.73630    -0.02510    0.11920    0.54591    -0.01220    
324.59628    0.73630    -0.02600    0.11920    0.54578    -0.01142    
324.96887    0.73560    -0.02670    0.11970    0.54571    -0.01279    
325.34158    0.73630    -0.02750    0.12060    0.54190    -0.01588    
325.71429    0.73580    -0.02870    0.12030    0.54164    -0.01227    
326.08688    0.73300    -0.02870    0.12160    0.54538    -0.01142    
326.45959    0.73480    -0.02970    0.12220    0.54538    -0.01214    
326.83228    0.73530    -0.03050    0.12240    0.54532    -0.01135    
327.20499    0.73450    -0.03120    0.12280    0.54702    -0.01050    
327.57758    0.73480    -0.03280    0.12440    0.54689    -0.01240    
327.95029    0.73570    -0.03360    0.12610    0.54486    -0.01083    
328.32300    0.73320    -0.03420    0.12600    0.54669    -0.01043    
328.69559    0.73400    -0.03590    0.12690    0.54656    -0.01161    
329.06830    0.73440    -0.03590    0.12860    0.54643    -0.01102    
329.44098    0.73360    -0.03740    0.12970    0.54630    -0.00899    
329.81369    0.73200    -0.03740    0.13070    0.54427    -0.01010    
330.18628    0.73110    -0.03810    0.13190    0.54407    -0.01063    
330.55899    0.73100    -0.03960    0.13330    0.54394    -0.00912    
330.93167    0.72950    -0.03960    0.13500    0.54564    -0.00879    
331.30438    0.73010    -0.03910    0.13750    0.54551    -0.00853    
331.67697    0.72950    -0.03990    0.13880    0.54532    -0.00833    
332.04968    0.72870    -0.04070    0.14150    0.54525    -0.00591    
332.42239    0.72680    -0.03920    0.14250    0.54512    -0.00866    
332.79498    0.72810    -0.03930    0.14510    0.54499    -0.00676    
333.16769    0.72650    -0.03780    0.14690    0.54486    -0.00722    
333.54037    0.72610    -0.03710    0.14980    0.54289    -0.00932    
333.91309    0.72600    -0.03560    0.15120    0.54269    -0.00669    
334.28568    0.72340    -0.03560    0.15430    0.54446    -0.00558    
334.65839    0.72330    -0.03660    0.15650    0.54414    -0.00650    
335.03110    0.72230    -0.03970    0.16210    0.53252    -0.00991    
335.40369    0.71590    -0.03900    0.16540    0.50969    -0.01155    
335.77640    0.70150    -0.03060    0.16520    0.48200    -0.01129    
336.14908    0.68440    -0.01350    0.15440    0.50660    -0.00597    
336.52170    0.70080    0.00110    0.14310    0.54026    0.00433    
336.89438    0.71730    0.01180    0.14230    0.54676    0.00925    
337.26709    0.71900    0.01710    0.13880    0.54728    0.00951    
337.63968    0.71990    0.01940    0.13470    0.54755    0.01050    
338.01239    0.72010    0.01880    0.13100    0.54774    0.00774    
338.38507    0.72250    0.01810    0.12870    0.54400    0.00741    
338.75778    0.72070    0.01720    0.12580    0.54564    0.00709    
339.13037    0.72250    0.01280    0.12390    0.54715    0.00039    
339.50308    0.72850    0.00460    0.12250    0.54722    -0.00007    
339.87579    0.72920    0.00250    0.12040    0.54702    -0.00125    
340.24838    0.72990    0.00030    0.12050    0.54892    -0.00400    
340.62109    0.73300    -0.00140    0.12070    0.54702    -0.00551    
340.99377    0.73310    -0.00410    0.11840    0.54709    -0.00656    
341.36649    0.73400    -0.00620    0.11710    0.54505    -0.00617    
341.73907    0.73250    -0.00740    0.11650    0.54499    -0.00656    
342.11179    0.73270    -0.00890    0.11650    0.54505    -0.00682    
342.48450    0.73320    -0.01030    0.11510    0.54512    -0.00820    
342.85709    0.73430    -0.01180    0.11400    0.54696    -0.00722    
343.22980    0.73480    -0.01330    0.11410    0.54689    -0.00794    
343.60248    0.73530    -0.01410    0.11420    0.54499    -0.01188    
343.97519    0.73650    -0.01550    0.11460    0.54492    -0.01050    
344.34778    0.73560    -0.01610    0.11420    0.54486    -0.00873    
344.72049    0.73440    -0.01750    0.11370    0.54492    -0.00991    
345.09317    0.73530    -0.01830    0.11330    0.54289    -0.01443    
345.46588    0.73680    -0.01980    0.11440    0.54459    -0.00965    
345.83847    0.73450    -0.02050    0.11510    0.54656    -0.01312    
346.21118    0.73810    -0.02080    0.11560    0.54459    -0.01089    
346.58389    0.73540    -0.02130    0.11470    0.54459    -0.01273    
346.95648    0.73660    -0.02210    0.11500    0.54643    -0.01279    
347.32919    0.73780    -0.02370    0.11540    0.54630    -0.01312    
347.70187    0.73780    -0.02440    0.11610    0.54427    -0.01404    
348.07449    0.73690    -0.02650    0.11640    0.54427    -0.01476    
348.44717    0.73730    -0.02730    0.11660    0.54617    -0.01345    
348.81989    0.73770    -0.02740    0.11670    0.54400    -0.01378    
349.19247    0.73610    -0.02880    0.11830    0.54578    -0.01378    
349.56519    0.73710    -0.02960    0.11940    0.54381    -0.01358    
349.93790    0.73570    -0.02950    0.11960    0.54381    -0.01503    
350.31049    0.73650    -0.03100    0.11980    0.54374    -0.01325    
350.68320    0.73530    -0.03240    0.11930    0.54551    -0.01220    
351.05588    0.73560    -0.03330    0.12020    0.54558    -0.01437    
351.42859    0.73700    -0.03340    0.12060    0.54341    -0.01503    
351.80118    0.73570    -0.03400    0.12240    0.54532    -0.01548    
352.17389    0.73720    -0.03490    0.12280    0.54328    -0.01279    
352.54657    0.73400    -0.03550    0.12250    0.54341    -0.01325    
352.91928    0.73450    -0.03550    0.12190    0.54525    -0.01260    
353.29187    0.73530    -0.03630    0.12220    0.54709    -0.01260    
353.66458    0.73630    -0.03720    0.12320    0.54518    -0.01365    
354.03729    0.73570    -0.03780    0.12300    0.54512    -0.01207    
354.40988    0.73450    -0.03790    0.12330    0.54492    -0.01220    
354.78259    0.73430    -0.03790    0.12470    0.54486    -0.01214    
355.15527    0.73390    -0.03940    0.12530    0.54295    -0.01312    
355.52798    0.73340    -0.04000    0.12510    0.54269    -0.00991    
355.90057    0.73070    -0.04150    0.12640    0.54263    -0.00912    
356.27328    0.73000    -0.04230    0.12690    0.54269    -0.01247    
356.64600    0.73230    -0.04300    0.12680    0.54263    -0.01201    
357.01859    0.73180    -0.04300    0.12740    0.54446    -0.00761    
357.39130    0.73000    -0.04390    0.12760    0.54446    -0.00912    
357.76398    0.73080    -0.04540    0.12780    0.54433    -0.00919    
358.13669    0.73060    -0.04550    0.12920    0.54433    -0.01174    
358.50928    0.73210    -0.04700    0.12970    0.54420    -0.01004    
358.88199    0.73060    -0.04850    0.13070    0.54223    -0.00879    
359.25470    0.72840    -0.04840    0.13070    0.54217    -0.00938    
359.62729    0.72850    -0.05070    0.13140    0.54394    -0.00814    
360.00000    0.72860    -0.05080    0.13290    0.54390    -0.00814    
