TITLE:  An Experimental Investigation of the Flow through an Axial-Flow Pump
AUTHORS:  Zierke, Straka, and Taylor
JOURNAL PAPER FIGURE(S):  5b
PSU/ARL TR 93-12 FIGURE(S):  28i
*****************************************************************************
DATA TITLE:  Circumferential Variation of Velocity and Pressure Downstream of 
             IGV Trailing Edge Measured with 5-Hole Probes (81.0% span)
MEASUREMENT TYPE:  5-hole probe wake rake survey
MEASUREMENT LOCATION:  49.7% IGV chord axially downstream of IGV trailing 
                       edge, at 81.0% span
NOMINAL CONDITIONS:  
  vinf = 35.0 ft/sec
  pref = 43.2 psia
  rho  = 1.932 slugs/ft^3
  rotor rpm  = 260
  Utip = 47.6 ft/sec
  IGV chord = 6.90 inches
  IGV span  = 10.50 inches
DATA COLUMNS:
  1 -- circumferential position in degrees
  2 -- nondimensional axial velocity, Vz / Utip,  [uncertainty: 0.02]
  3 -- nondimensional radial velocity, Vr / Utip,  [uncertainty: 0.02] 
  4 -- nondimensional tangential velocity, Vtheta / Utip,  [uncertainty: 0.02] 
  5 -- total pressure coefficient, Kpt = (ptot - pref) / (0.5 * rho * Utip^2)
  6 -- static pressure coefficient, Kpt = (psta - pref) / (0.5 * rho * Utip^2)
*****************************************************************************
0.37270    0.73200    -0.04760    0.13790    0.55430    0.00020    
0.74530    0.73270    -0.04850    0.14130    0.55404    -0.00190    
1.11800    0.73190    -0.04920    0.14410    0.55417    -0.00275    
1.49070    0.73010    -0.04850    0.14950    0.55450    -0.00380    
1.86340    0.72870    -0.04580    0.15520    0.55450    -0.00026    
2.23600    0.72180    -0.03860    0.16150    0.55102    -0.00210    
2.60870    0.71320    -0.02060    0.16270    0.55266    -0.00085    
2.98140    0.70290    0.00460    0.15270    0.55286    -0.00492    
3.35400    0.69330    0.02250    0.13090    0.55476    -0.00039    
3.72670    0.71340    0.02880    0.12180    0.55292    -0.00177    
4.09940    0.72460    0.03430    0.11980    0.55305    -0.00269    
4.47210    0.72610    0.03580    0.11580    0.55312    -0.00197    
4.84470    0.72660    0.03280    0.11070    0.55331    -0.00046    
5.21740    0.72650    0.03040    0.10760    0.55351    -0.00052    
5.59010    0.72700    0.02770    0.10630    0.55522    0.00144    
5.96270    0.72690    0.02510    0.10460    0.55358    0.00302    
6.33540    0.72910    0.02200    0.10480    0.55227    0.00007    
6.70810    0.72660    0.01900    0.10370    0.55417    0.00079    
7.08070    0.72840    0.01460    0.10360    0.55443    0.00295    
7.45340    0.72960    0.01160    0.10480    0.55463    0.00334    
7.82610    0.72940    0.00880    0.10540    0.55469    0.00170    
8.19880    0.73040    0.00660    0.10500    0.55659    0.00361    
8.57140    0.72940    0.00320    0.10600    0.55712    0.00603    
8.94410    0.73120    0.00150    0.10670    0.55554    0.00492    
9.31680    0.73280    -0.00010    0.10730    0.55574    0.00420    
9.68940    0.73250    -0.00290    0.10790    0.55469    0.00570    
10.06210    0.73270    -0.00300    0.10870    0.55692    0.00787    
10.43480    0.73160    -0.00350    0.10830    0.55712    0.01114    
10.80750    0.73200    -0.00710    0.10900    0.55495    0.01174    
11.18010    0.73030    -0.00760    0.10920    0.55541    0.01134    
11.55280    0.73290    -0.00870    0.11080    0.55600    0.01337    
11.92550    0.73250    -0.00880    0.11220    0.55646    0.01062    
12.29810    0.73290    -0.01030    0.11310    0.55509    0.01206    
12.67080    0.73160    -0.01150    0.11250    0.55738    0.01213    
13.04350    0.73380    -0.01380    0.11330    0.55699    0.01180    
13.41620    0.73380    -0.01380    0.11330    0.55718    0.01180    
13.78880    0.73490    -0.01540    0.11450    0.55600    0.01174    
14.16150    0.73530    -0.01690    0.11540    0.55417    0.01259    
14.53420    0.73430    -0.01760    0.11720    0.53181    0.00479    
14.90680    0.73350    -0.01610    0.11700    0.50041    -0.00144    
15.27950    0.73380    -0.01690    0.11850    0.50539    -0.01101    
15.65220    0.73360    -0.01770    0.12070    0.53076    -0.01973    
16.02490    0.73400    -0.01850    0.12080    0.54617    -0.01587    
16.39750    0.73330    -0.01840    0.12140    0.54964    -0.01475    
16.77020    0.73250    -0.01840    0.12250    0.55155    -0.01482    
17.14290    0.73350    -0.01920    0.12360    0.55174    -0.01219    
17.51550    0.73410    -0.01860    0.12460    0.55371    -0.01121    
17.88820    0.73430    -0.01940    0.12470    0.55214    -0.00918    
18.26090    0.73520    -0.02010    0.12430    0.55417    -0.00826    
18.63350    0.73250    -0.01930    0.12550    0.55082    -0.00688    
19.00620    0.73220    -0.01990    0.12540    0.55109    -0.00879    
19.37890    0.73310    -0.02070    0.12650    0.55128    -0.00957    
19.75160    0.73310    -0.02070    0.12650    0.55141    -0.00774    
20.12420    0.73360    -0.02080    0.12740    0.55331    -0.00957    
20.49690    0.73510    -0.02170    0.12720    0.55331    -0.00852    
20.86960    0.73240    -0.02210    0.12620    0.55345    -0.00728    
21.24220    0.73500    -0.02300    0.12640    0.55371    -0.00728    
21.61490    0.73360    -0.02290    0.12660    0.55207    -0.00708    
21.98760    0.73230    -0.02420    0.12690    0.55220    -0.00767    
22.36030    0.73170    -0.02550    0.12660    0.55214    -0.00879    
22.73290    0.73150    -0.02480    0.12650    0.55233    -0.00800    
23.10560    0.73320    -0.02630    0.12720    0.55063    -0.00800    
23.47830    0.73300    -0.02710    0.12790    0.55266    -0.00760    
23.85090    0.73090    -0.02900    0.12780    0.55266    -0.00918    
24.22360    0.73250    -0.02910    0.12840    0.55273    -0.00996    
24.59630    0.73240    -0.03130    0.12910    0.55279    -0.00806    
24.96890    0.73040    -0.03180    0.12990    0.55299    -0.01036    
25.34160    0.73140    -0.03190    0.13020    0.55469    -0.00839    
25.71430    0.73150    -0.03330    0.13170    0.55135    -0.01029    
26.08700    0.73090    -0.03470    0.13230    0.55135    -0.01187    
26.45960    0.73180    -0.03560    0.13410    0.55148    -0.01167    
26.83230    0.73040    -0.03620    0.13510    0.55325    -0.01167    
27.20500    0.72940    -0.03610    0.13550    0.55338    -0.00905    
27.57760    0.72930    -0.03760    0.13700    0.55351    -0.00996    
27.95030    0.72930    -0.03770    0.13930    0.55364    -0.00898    
28.32300    0.72860    -0.03770    0.14130    0.55541    -0.01010    
28.69570    0.72810    -0.03420    0.14340    0.55548    -0.00937    
29.06830    0.72840    -0.03360    0.14590    0.55214    -0.00859    
29.44100    0.72830    -0.03020    0.14730    0.55391    -0.00944    
29.81370    0.72550    -0.02940    0.14950    0.55233    -0.00983    
30.18630    0.71650    -0.02810    0.14900    0.55240    -0.01036    
30.55900    0.69680    -0.01700    0.13880    0.55417    -0.01160    
30.93170    0.69510    -0.00450    0.12400    0.55259    -0.00701    
31.30430    0.71650    0.00630    0.12080    0.55259    -0.00931    
31.67700    0.72550    0.01840    0.12200    0.55286    -0.00990    
32.04970    0.72650    0.02710    0.12180    0.55299    -0.00728    
32.42240    0.72630    0.03070    0.11950    0.55292    -0.00924    
32.79500    0.72570    0.03040    0.11630    0.55476    -0.00813    
33.16770    0.72890    0.02720    0.11670    0.55318    -0.00583    
33.54040    0.72850    0.02530    0.11570    0.55312    -0.00813    
33.91300    0.72910    0.02470    0.11300    0.55331    -0.00780    
34.28570    0.72960    0.02190    0.11310    0.55351    -0.00446    
34.65840    0.73120    0.02030    0.11380    0.55351    -0.00564    
35.03110    0.73190    0.01680    0.11400    0.55351    -0.00439    
35.40370    0.73090    0.01630    0.11350    0.55194    -0.00557    
35.77640    0.73370    0.01330    0.11160    0.55377    -0.00446    
36.14910    0.73330    0.01120    0.11290    0.55391    -0.00406    
36.52170    0.73450    0.00960    0.11270    0.55391    -0.00518    
36.89440    0.73480    0.00810    0.11420    0.55430    -0.00387    
37.26710    0.73570    0.00740    0.11380    0.55450    0.00164    
37.63980    0.73610    0.00590    0.11460    0.55115    -0.00216    
38.01240    0.73660    0.00640    0.11560    0.55305    -0.00144    
38.38510    0.73730    0.00360    0.11510    0.55325    0.00413    
38.75780    0.73650    0.00430    0.11630    0.55377    0.00170    
39.13040    0.73640    0.00370    0.11620    0.55423    0.00374    
39.50310    0.73740    0.00350    0.11730    0.55443    0.00465    
39.87580    0.73860    0.00260    0.11780    0.55502    0.00728    
40.24850    0.73860    0.00260    0.11780    0.55515    0.00721    
40.62110    0.73780    0.00200    0.11820    0.55194    0.00380    
40.99380    0.73910    0.00050    0.11800    0.55417    0.00282    
41.36650    0.73890    -0.00100    0.11940    0.55594    0.00695    
41.73910    0.73730    -0.00130    0.11730    0.55423    0.00859    
42.11180    0.73920    -0.00370    0.11860    0.53679    0.00216    
42.48450    0.73950    -0.00380    0.11950    0.50356    -0.00400    
42.85710    0.73890    -0.00580    0.12000    0.50054    -0.00839    
43.22980    0.74080    -0.00600    0.12000    0.50270    -0.01619    
43.60250    0.73970    -0.00790    0.11960    0.52099    -0.01980    
43.97520    0.73950    -0.00800    0.12100    0.54407    -0.01888    
44.34780    0.74000    -0.01280    0.12030    0.54794    -0.01272    
44.72050    0.73880    -0.01270    0.12060    0.54814    -0.01200    
45.09320    0.73780    -0.01400    0.12090    0.54997    -0.00695    
45.46580    0.73730    -0.01270    0.12230    0.54840    -0.00892    
45.83850    0.73880    -0.01620    0.12130    0.54859    -0.00879    
46.21120    0.73710    -0.01680    0.12210    0.55056    -0.00898    
46.58390    0.73870    -0.01760    0.12200    0.55076    -0.00918    
46.95650    0.73850    -0.01830    0.12270    0.55076    -0.00577    
47.32920    0.73560    -0.01810    0.12230    0.55279    -0.00472    
47.70190    0.73690    -0.01890    0.12340    0.55305    -0.00413    
48.07450    0.73960    -0.02200    0.12520    0.55135    -0.00367    
48.44720    0.73830    -0.02260    0.12470    0.54984    -0.00426    
48.81990    0.73660    -0.02380    0.12480    0.54997    -0.00216    
49.19260    0.73640    -0.02380    0.12620    0.55004    -0.00308    
49.56520    0.73740    -0.02600    0.12580    0.55004    -0.00164    
49.93790    0.73480    -0.02790    0.12630    0.55030    -0.00066    
50.31060    0.73760    -0.03090    0.12660    0.54879    -0.00256    
50.68320    0.73510    -0.03070    0.12720    0.55043    -0.00452    
51.05590    0.73520    -0.03430    0.12790    0.55076    -0.00393    
51.42860    0.73420    -0.03490    0.12760    0.55089    -0.00341    
51.80120    0.73540    -0.03840    0.12870    0.55109    -0.00492    
52.17390    0.73400    -0.03910    0.12970    0.55115    -0.00203    
52.54660    0.73500    -0.04270    0.13080    0.55141    -0.00243    
52.91930    0.73290    -0.04400    0.13230    0.55135    -0.00275    
53.29190    0.73490    -0.04690    0.13150    0.54991    -0.00767    
53.66460    0.73640    -0.04920    0.13510    0.55161    -0.00583    
54.03730    0.73530    -0.05130    0.13690    0.55174    -0.00603    
54.40990    0.73170    -0.05120    0.13870    0.55200    -0.00583    
54.78260    0.73210    -0.05400    0.14110    0.55214    -0.00485    
55.15530    0.73230    -0.05480    0.14420    0.55220    -0.00642    
55.52800    0.73400    -0.05430    0.14720    0.55233    -0.00354    
55.90060    0.73160    -0.05430    0.15240    0.55246    -0.00597    
56.27330    0.73060    -0.05430    0.15590    0.55253    -0.00570    
56.64600    0.73200    -0.05380    0.15940    0.55266    -0.00695    
57.01860    0.73080    -0.05240    0.16370    0.55463    -0.00675    
57.39130    0.72930    -0.04830    0.16710    0.55292    -0.00518    
57.76400    0.72600    -0.04000    0.17000    0.55312    -0.00524    
58.13670    0.70740    -0.00750    0.15900    0.55325    -0.00420    
58.50930    0.69100    0.02270    0.14160    0.54945    -0.00505    
58.88200    0.70100    0.04490    0.12490    0.54958    -0.00623    
59.25470    0.72120    0.05600    0.12440    0.55187    -0.00898    
59.62730    0.72580    0.05620    0.12070    0.55364    -0.00675    
60.00000    0.72410    0.05600    0.12000    0.55358    -0.00557    
60.37270    0.72630    0.05060    0.11630    0.55391    -0.00374    
60.74530    0.72740    0.04590    0.11430    0.55404    -0.00459    
61.11800    0.72700    0.04290    0.11120    0.55410    -0.00610    
61.49070    0.72810    0.03920    0.11230    0.55430    -0.00354    
61.86330    0.72780    0.03540    0.10980    0.55417    -0.00269    
62.23600    0.73050    0.03020    0.11070    0.55646    -0.00184    
62.60870    0.73280    0.02650    0.11010    0.55620    -0.00164    
62.98140    0.73370    0.02420    0.11120    0.55659    -0.00144    
63.35400    0.73230    0.02170    0.11060    0.55515    -0.00072    
63.72670    0.73060    0.01920    0.11060    0.55502    -0.00262    
64.09940    0.73270    0.01560    0.10910    0.55568    0.00026    
64.47210    0.73440    0.01390    0.11120    0.55594    -0.00098    
64.84470    0.73520    0.01110    0.11070    0.55627    0.00013    
65.21740    0.73540    0.01020    0.11230    0.55830    0.00393    
65.59010    0.73550    0.00620    0.11150    0.55692    0.00465    
65.96270    0.73440    0.00690    0.11180    0.55731    0.00701    
66.33540    0.73450    0.00410    0.11330    0.55613    0.00420    
66.70810    0.73460    0.00270    0.11330    0.55843    0.00767    
67.08070    0.73630    -0.00030    0.11400    0.55725    0.00918    
67.45340    0.73520    -0.00230    0.11500    0.55790    0.00957    
67.82610    0.73450    -0.00300    0.11540    0.55666    0.00885    
68.19880    0.73620    -0.00460    0.11600    0.55705    0.00878    
68.57140    0.73610    -0.00460    0.11740    0.55764    0.00852    
68.94410    0.73710    -0.00560    0.11930    0.55823    0.01036    
69.31680    0.73600    -0.00490    0.12110    0.55463    0.00708    
69.68940    0.73760    -0.00650    0.12170    0.55568    0.00872    
70.06210    0.73490    -0.00690    0.12210    0.55102    0.00852    
70.43480    0.73490    -0.00690    0.12210    0.53509    0.00164    
70.80750    0.73770    -0.00790    0.12320    0.49589    -0.00924    
71.18010    0.73660    -0.00720    0.12360    0.45865    -0.01790    
71.55280    0.73510    -0.00840    0.12440    0.48789    -0.02491    
71.92550    0.73480    -0.00830    0.12360    0.53175    -0.02091    
72.29810    0.73540    -0.00850    0.12530    0.54768    -0.01567    
72.67080    0.73630    -0.00930    0.12490    0.55122    -0.01318    
73.04350    0.73590    -0.01060    0.12550    0.55305    -0.00990    
73.41620    0.73490    -0.01120    0.12510    0.55318    -0.00879    
73.78880    0.73380    -0.01250    0.12540    0.55155    -0.00767    
74.16150    0.73690    -0.01280    0.12510    0.55155    -0.00813    
74.53419    0.73540    -0.01410    0.12600    0.55161    -0.00741    
74.90680    0.73460    -0.01740    0.12420    0.55187    -0.00649    
75.27950    0.73440    -0.01870    0.12480    0.55017    -0.00924    
75.65220    0.73650    -0.01890    0.12480    0.55207    -0.00734    
76.02480    0.73610    -0.01960    0.12610    0.55043    -0.00642    
76.39750    0.73580    -0.02170    0.12600    0.55056    -0.00701    
76.77020    0.73630    -0.02240    0.12620    0.55050    -0.00583    
77.14290    0.73590    -0.02450    0.12600    0.55082    -0.00918    
77.51550    0.73330    -0.02350    0.12650    0.55089    -0.00656    
77.88820    0.73520    -0.02450    0.12720    0.55109    -0.00806    
78.26089    0.73480    -0.02580    0.12780    0.55115    -0.00734    
78.63350    0.73580    -0.02800    0.12740    0.55312    -0.00806    
79.00620    0.73340    -0.02780    0.12660    0.55331    -0.00754    
79.37890    0.73190    -0.02910    0.12750    0.55331    -0.00603    
79.75159    0.73330    -0.03200    0.12870    0.55358    -0.00708    
80.12420    0.73240    -0.03410    0.12910    0.55338    -0.00721    
80.49689    0.73240    -0.03610    0.12910    0.55187    -0.00819    
80.86960    0.73250    -0.03760    0.12910    0.55017    -0.00892    
81.24220    0.73320    -0.03980    0.13010    0.55371    -0.00800    
81.61490    0.73290    -0.04190    0.13230    0.55384    -0.00806    
81.98759    0.73030    -0.04250    0.13360    0.55220    -0.00577    
82.36020    0.72970    -0.04460    0.13560    0.55240    -0.00937    
82.73289    0.73040    -0.04410    0.13980    0.55240    -0.00747    
83.10560    0.72840    -0.04680    0.14130    0.55246    -0.00787    
83.47829    0.72990    -0.04700    0.14420    0.55273    -0.00616    
83.85090    0.73040    -0.04710    0.14740    0.55273    -0.00728    
84.22359    0.72890    -0.04300    0.15220    0.55115    -0.00767    
84.59630    0.72710    -0.04090    0.15700    0.55128    -0.00859    
84.96889    0.72640    -0.04030    0.16140    0.55318    -0.00793    
85.34160    0.72280    -0.03810    0.16570    0.55148    -0.00754    
85.71429    0.71640    -0.02250    0.16760    0.55331    -0.00524    
86.08700    0.70310    0.00080    0.15980    0.55174    -0.00682    
86.45959    0.69250    0.01390    0.14650    0.55351    -0.00538    
86.83230    0.71000    0.02630    0.13370    0.55377    -0.00433    
87.20499    0.72280    0.03640    0.13130    0.55207    -0.00505    
87.57760    0.72500    0.03920    0.12530    0.55194    -0.00577    
87.95029    0.72530    0.03630    0.11930    0.55214    -0.00544    
88.32300    0.72770    0.03280    0.11650    0.55207    -0.00262    
88.69569    0.72750    0.03100    0.11410    0.55240    -0.00433    
89.06830    0.72700    0.03050    0.11310    0.55404    -0.00236    
89.44099    0.72830    0.02710    0.11060    0.55240    -0.00190    
89.81370    0.72940    0.02570    0.10950    0.55279    -0.00059    
90.18629    0.73160    0.02260    0.10960    0.55312    0.00052    
90.55900    0.72860    0.02160    0.10980    0.55331    0.00210    
90.93169    0.73140    0.01980    0.11020    0.55325    -0.00026    
91.30430    0.73190    0.01770    0.11030    0.55174    0.00098    
91.67699    0.73390    0.01600    0.11100    0.55056    0.00282    
92.04970    0.73440    0.01250    0.11120    0.55082    0.00315    
92.42239    0.73420    0.01120    0.11040    0.55141    0.00197    
92.79500    0.73550    0.00890    0.11090    0.55345    0.00334    
93.16769    0.73550    0.00620    0.11150    0.55391    0.00806    
93.54040    0.73670    0.00600    0.11120    0.55233    0.00859    
93.91299    0.73660    0.00060    0.10960    0.55259    0.00800    
94.28570    0.73710    -0.00080    0.10910    0.55358    0.00931    
94.65839    0.73830    -0.00240    0.11030    0.55259    0.01187    
95.03110    0.73750    -0.00300    0.11070    0.55325    0.01114    
95.40369    0.73940    -0.00520    0.10920    0.55397    0.00885    
95.77640    0.73820    -0.00580    0.11020    0.55450    0.00905    
96.14909    0.73940    -0.00810    0.11060    0.55502    0.00937    
96.52170    0.74000    -0.00950    0.11150    0.55653    0.01075    
96.89439    0.73940    -0.01030    0.11280    0.55489    0.01134    
97.26710    0.73800    -0.01150    0.11220    0.53955    0.00649    
97.63979    0.73830    -0.01300    0.11450    0.51182    -0.00210    
98.01240    0.74040    -0.01530    0.11530    0.49497    -0.01180    
98.38509    0.73990    -0.01670    0.11580    0.51450    -0.01632    
98.75780    0.73940    -0.01740    0.11710    0.53752    -0.01901    
99.13039    0.73990    -0.01750    0.11800    0.54794    -0.01501    
99.50310    0.73820    -0.01880    0.11890    0.54984    -0.01541    
99.87579    0.74070    -0.02050    0.11980    0.54997    -0.01206    
100.24840    0.73960    -0.01970    0.12010    0.54840    -0.01383    
100.62109    0.73940    -0.01970    0.12080    0.54859    -0.00931    
100.99380    0.74230    -0.02060    0.12040    0.54702    -0.01174    
101.36649    0.74090    -0.02200    0.12210    0.54892    -0.01311    
101.73910    0.74080    -0.02060    0.12200    0.54905    -0.01108    
102.11179    0.74090    -0.02200    0.12210    0.55109    -0.01115    
102.48450    0.73840    -0.02110    0.12180    0.55122    -0.00885    
102.85709    0.73990    -0.02190    0.12240    0.54951    -0.00937    
103.22980    0.74070    -0.02410    0.12340    0.54971    -0.00839    
103.60249    0.74190    -0.02490    0.12390    0.54991    -0.00859    
103.97520    0.73990    -0.02830    0.12460    0.54997    -0.00990    
104.34779    0.74020    -0.03240    0.12460    0.55010    -0.00780    
104.72050    0.74050    -0.03250    0.12550    0.55023    -0.00911    
105.09319    0.73960    -0.03100    0.12440    0.55214    -0.00754    
105.46580    0.73960    -0.03380    0.12590    0.54866    -0.01023    
105.83849    0.73970    -0.03730    0.12510    0.55056    -0.00937    
106.21120    0.73860    -0.04010    0.12690    0.55076    -0.01042    
106.58389    0.73960    -0.04160    0.12810    0.55259    -0.00675    
106.95650    0.73870    -0.04290    0.12700    0.55102    -0.01003    
107.32919    0.74000    -0.04510    0.12890    0.55115    -0.00741    
107.70190    0.74040    -0.04580    0.12900    0.54958    -0.01062    
108.07449    0.73800    -0.04560    0.12820    0.54978    -0.00892    
108.44720    0.73950    -0.04850    0.12790    0.54991    -0.01180    
108.81989    0.73870    -0.05060    0.12840    0.55358    -0.00970    
109.19250    0.73870    -0.05200    0.12990    0.55187    -0.00970    
109.56519    0.73710    -0.05400    0.13000    0.55384    -0.00957    
109.93790    0.73540    -0.05470    0.13170    0.55214    -0.00911    
110.31059    0.73770    -0.05840    0.13470    0.55233    -0.00970    
110.68320    0.73790    -0.05830    0.13480    0.55082    -0.01056    
111.05589    0.73790    -0.06060    0.13860    0.55259    -0.00911    
111.42860    0.73770    -0.05920    0.14010    0.55279    -0.00924    
111.80119    0.73670    -0.06130    0.14200    0.55115    -0.01042    
112.17390    0.73710    -0.06210    0.14670    0.55312    -0.01016    
112.54659    0.73600    -0.05660    0.14950    0.55155    -0.00557    
112.91930    0.72280    -0.04130    0.14820    0.55161    -0.01108    
113.29189    0.69890    -0.01290    0.13660    0.55345    -0.00767    
113.66460    0.68970    0.00380    0.12420    0.55194    -0.00931    
114.03729    0.71070    0.01820    0.11780    0.55194    -0.00918    
114.40990    0.72980    0.02950    0.11810    0.55214    -0.00931    
114.78259    0.72870    0.03940    0.11630    0.55364    -0.00885    
117.01859    0.71830    0.03310    0.10550    0.55273    -0.00524    
117.39130    0.73300    0.03130    0.10880    0.55436    -0.00557    
117.76400    0.73400    0.02560    0.11060    0.55246    -0.00341    
118.13660    0.73400    0.02220    0.11050    0.55095    -0.00892    
118.50929    0.73730    0.01820    0.11250    0.55279    -0.00551    
118.88200    0.73500    0.01640    0.11230    0.55318    -0.00367    
119.25470    0.73580    0.01410    0.11480    0.55338    -0.00341    
119.62730    0.73760    0.01180    0.11470    0.55358    -0.00302    
120.00000    0.73630    0.01050    0.11640    0.55377    -0.00262    
120.37270    0.73660    0.00850    0.11570    0.55423    -0.00361    
120.74529    0.73670    0.00710    0.11570    0.55443    -0.00092    
121.11800    0.73670    0.00630    0.11640    0.55338    -0.00033    
121.49070    0.73750    0.00410    0.11740    0.55548    -0.00164    
121.86340    0.73860    0.00260    0.11720    0.55450    0.00256    
122.23599    0.73590    0.00160    0.11740    0.55515    0.00295    
122.60870    0.73870    0.00190    0.11710    0.55646    0.00590    
122.98140    0.73770    0.00150    0.11520    0.53902    0.01036    
123.35400    0.73790    0.00070    0.11680    0.47628    0.04609    
123.72670    0.73970    -0.00090    0.11740    0.47720    0.04812    
124.09940    0.73850    0.00070    0.11480    0.47805    0.04891    
124.47199    0.73820    -0.00060    0.11540    0.47753    0.04917    
124.84470    0.73940    -0.00150    0.11590    0.47687    0.04432    
125.21740    0.74030    -0.00450    0.11760    0.55155    0.00492    
125.59010    0.73990    -0.00360    0.11600    0.54584    -0.00210    
125.96270    0.73960    -0.00500    0.11660    0.50978    -0.00996    
126.33540    0.73990    -0.00630    0.11520    0.47497    -0.01665    
126.70810    0.73960    -0.00700    0.11650    0.48874    -0.01908    
127.08070    0.74070    -0.00860    0.11630    0.52768    -0.01888    
127.45340    0.73690    -0.00810    0.11620    0.54696    -0.02078    
127.82610    0.74080    -0.01000    0.11770    0.55069    -0.01855    
128.19879    0.73970    -0.01200    0.11730    0.55095    -0.01626    
128.57140    0.73990    -0.01270    0.11810    0.55102    -0.01678    
128.94409    0.73950    -0.01410    0.11860    0.55115    -0.01685    
129.31679    0.73930    -0.01410    0.11860    0.55318    -0.01337    
129.68939    0.73950    -0.01550    0.12010    0.55141    -0.01488    
130.06209    0.73880    -0.01760    0.12050    0.54978    -0.01193    
130.43480    0.74020    -0.01840    0.12100    0.54997    -0.01377    
130.80739    0.73880    -0.01900    0.12200    0.55174    -0.01410    
131.18010    0.73990    -0.02120    0.12160    0.55017    -0.01508    
131.55280    0.73880    -0.02180    0.12200    0.55194    -0.01423    
131.92549    0.73670    -0.02370    0.12190    0.55017    -0.01357    
132.29810    0.73750    -0.02590    0.12290    0.55194    -0.01547    
132.67079    0.73620    -0.02720    0.12380    0.55194    -0.01482    
133.04349    0.73770    -0.02870    0.12440    0.55037    -0.01390    
133.41620    0.73640    -0.03000    0.12530    0.55030    -0.01541    
133.78879    0.73740    -0.03230    0.12580    0.55043    -0.01331    
134.16150    0.73630    -0.03430    0.12680    0.55069    -0.01410    
134.53419    0.73540    -0.03640    0.12720    0.55253    -0.01206    
134.90680    0.73580    -0.03710    0.12810    0.55273    -0.01121    
135.27950    0.73530    -0.03990    0.12860    0.55082    -0.01482    
135.65219    0.73410    -0.04050    0.12970    0.55089    -0.01410    
136.02480    0.73520    -0.04200    0.13090    0.55109    -0.01324    
136.39749    0.73410    -0.04340    0.13120    0.55318    -0.01370    
136.77019    0.73330    -0.04690    0.13310    0.55325    -0.01180    
137.14290    0.73310    -0.05040    0.13530    0.55345    -0.01003    
137.51549    0.73360    -0.05190    0.13620    0.54997    -0.01108    
137.88820    0.73460    -0.05410    0.13810    0.55174    -0.01311    
138.26089    0.73240    -0.05550    0.14190    0.55181    -0.01278    
138.63350    0.73320    -0.05560    0.14460    0.55174    -0.01311    
139.00620    0.73040    -0.05690    0.14670    0.55377    -0.01265    
139.37889    0.72880    -0.05900    0.15070    0.55194    -0.01023    
139.75159    0.73060    -0.05990    0.15600    0.55030    -0.01213    
140.12419    0.72970    -0.05990    0.15950    0.55207    -0.01187    
140.49689    0.73080    -0.05800    0.16530    0.55043    -0.00957    
140.86960    0.72850    -0.05590    0.16910    0.55240    -0.00983    
141.24219    0.72470    -0.04270    0.17030    0.55076    -0.01062    
141.61490    0.71120    -0.01340    0.15610    0.55095    -0.01075    
141.98759    0.69750    0.01630    0.13970    0.55292    -0.00944    
142.36020    0.70460    0.03600    0.12520    0.55135    -0.00754    
142.73289    0.71810    0.04660    0.12160    0.55174    -0.00623    
143.10559    0.72510    0.05030    0.12110    0.55181    -0.00819    
143.47829    0.72720    0.04820    0.11880    0.55384    -0.00688    
143.85089    0.72750    0.04760    0.11670    0.55233    -0.00728    
144.22359    0.72780    0.04440    0.11520    0.55253    -0.00511    
144.59630    0.72800    0.04110    0.11380    0.55279    -0.00636    
144.96889    0.72630    0.03740    0.11290    0.55279    -0.00393    
145.34160    0.72550    0.03410    0.11260    0.55292    -0.00479    
145.71429    0.72810    0.02970    0.11280    0.55318    -0.00262    
146.08699    0.72830    0.02540    0.11420    0.55331    -0.00177    
146.45959    0.72800    0.02290    0.11260    0.55377    -0.00184    
146.83229    0.72960    0.02130    0.11240    0.55371    -0.00020    
147.20499    0.73250    0.01810    0.11280    0.55246    -0.00144    
147.57759    0.73200    0.01670    0.11330    0.55279    0.00085    
147.95029    0.73090    0.01280    0.11280    0.55286    0.00052    
148.32300    0.73100    0.01140    0.11280    0.55515    0.00347    
148.69559    0.73290    0.00770    0.11420    0.55194    0.00321    
149.06830    0.73470    0.00600    0.11480    0.55227    0.00433    
149.44099    0.73320    0.00630    0.11420    0.55253    0.00865    
149.81369    0.73420    0.00410    0.11390    0.55286    0.00459    
150.18629    0.73460    0.00260    0.11480    0.55331    0.00819    
150.55899    0.73510    -0.00030    0.11560    0.55338    0.00944    
150.93169    0.73650    -0.00110    0.11610    0.55187    0.00911    
151.30440    0.73690    -0.00180    0.11480    0.55181    0.00800    
151.67699    0.73540    -0.00310    0.11570    0.55187    0.00715    
152.04970    0.73740    -0.00400    0.11500    0.55207    0.00996    
152.42239    0.73740    -0.00470    0.11580    0.55187    0.00852    
152.79500    0.73710    -0.00460    0.11490    0.54879    0.00721    
153.16769    0.73770    -0.00540    0.11510    0.52178    -0.00138    
153.54039    0.73810    -0.00680    0.11600    0.49766    -0.00400    
153.91299    0.73810    -0.00750    0.11520    0.51713    -0.00334    
154.28569    0.73780    -0.00820    0.11650    0.53476    -0.00760    
154.65839    0.73830    -0.01030    0.11530    0.54479    -0.00715    
155.03110    0.73960    -0.01110    0.11580    0.54663    -0.00918    
155.40369    0.73870    -0.01180    0.11620    0.54853    -0.00701    
155.77640    0.73800    -0.01240    0.11660    0.54866    -0.00813    
156.14909    0.73850    -0.01390    0.11750    0.54879    -0.00905    
156.52170    0.73800    -0.01450    0.11650    0.54722    -0.00905    
156.89439    0.73860    -0.01600    0.11820    0.54735    -0.00597    
157.26709    0.73830    -0.01670    0.11810    0.54748    -0.00800    
157.63979    0.73960    -0.01820    0.11790    0.54951    -0.00393    
158.01239    0.73700    -0.01860    0.11830    0.54617    -0.00728    
158.38509    0.73940    -0.02030    0.11920    0.54807    -0.00885    
158.75780    0.73930    -0.02300    0.11840    0.55004    -0.00662    
159.13039    0.73760    -0.02430    0.11780    0.55017    -0.00492    
159.50310    0.73820    -0.02500    0.11790    0.55023    -0.00465    
159.87579    0.73830    -0.02650    0.11940    0.54853    -0.00623    
160.24840    0.73870    -0.02710    0.11730    0.55043    -0.00538    
160.62109    0.73750    -0.02910    0.11830    0.54886    -0.00439    
160.99379    0.73850    -0.03130    0.11800    0.54905    -0.00623    
161.36649    0.73840    -0.03270    0.11940    0.55076    -0.00813    
161.73909    0.73640    -0.03470    0.12010    0.55082    -0.00662    
162.11179    0.73680    -0.03550    0.12030    0.55095    -0.00682    
162.48450    0.73540    -0.03820    0.12110    0.55102    -0.00380    
162.85709    0.73690    -0.03970    0.12170    0.54932    -0.00918    
163.22980    0.73390    -0.04380    0.12350    0.55122    -0.00787    
163.60249    0.73480    -0.04460    0.12310    0.55122    -0.00708    
163.97519    0.73400    -0.04590    0.12430    0.55135    -0.00728    
164.34779    0.73530    -0.04890    0.12550    0.55155    -0.00741    
164.72049    0.73500    -0.05030    0.12690    0.54978    -0.00610    
165.09319    0.73410    -0.05170    0.12730    0.54814    -0.00774    
165.46579    0.73390    -0.05450    0.13020    0.55004    -0.00741    
165.83849    0.73420    -0.05460    0.13110    0.55023    -0.00918    
166.21120    0.73350    -0.05810    0.13160    0.55017    -0.00479    
166.58379    0.73470    -0.06170    0.13350    0.55030    -0.00603    
166.95650    0.73490    -0.06310    0.13580    0.55037    -0.00760    
167.32919    0.73510    -0.06530    0.13830    0.55056    -0.00780    
167.70189    0.73410    -0.06890    0.13870    0.55056    -0.00656    
168.07449    0.72680    -0.06810    0.13870    0.55069    -0.00518    
168.44719    0.70230    -0.04920    0.12890    0.55063    -0.00583    
168.81989    0.68180    -0.02170    0.10360    0.55089    -0.00760    
169.19260    0.70470    0.00610    0.08950    0.55266    -0.00734    
169.56519    0.72380    0.02590    0.09130    0.55102    -0.00459    
169.93790    0.72940    0.03540    0.09350    0.55102    -0.00459    
170.31059    0.73160    0.03720    0.09950    0.55115    -0.00826    
170.68320    0.73150    0.03550    0.10320    0.55135    -0.00557    
171.05589    0.73120    0.03800    0.10590    0.55148    -0.00656    
171.42859    0.73200    0.03570    0.10700    0.55174    -0.00439    
171.80119    0.73170    0.03250    0.10610    0.55194    -0.00420    
172.17389    0.73140    0.03110    0.10660    0.55037    -0.00295    
172.54659    0.73180    0.02830    0.10670    0.55050    -0.00387    
172.91930    0.73200    0.02430    0.10600    0.55089    -0.00485    
173.29189    0.73370    0.02190    0.10730    0.55122    -0.00184    
173.66460    0.73460    0.01830    0.10690    0.55141    -0.00144    
174.03729    0.73340    0.01570    0.10780    0.55200    -0.00046    
174.40990    0.73480    0.01280    0.10760    0.55371    -0.00020    
174.78259    0.73610    0.01110    0.10880    0.55417    0.00013    
175.15529    0.73740    0.00820    0.10860    0.55450    0.00111    
175.52800    0.73790    0.00610    0.10870    0.55482    0.00236    
175.90059    0.73690    0.00480    0.10900    0.55181    0.00236    
176.27328    0.73820    0.00040    0.11020    0.55207    0.00518    
176.64600    0.73710    0.00130    0.10980    0.55259    0.00315    
177.01859    0.73820    0.00030    0.11170    0.55476    0.00308    
177.39130    0.73800    -0.00240    0.11230    0.55528    0.00492    
177.76399    0.73860    -0.00240    0.11030    0.55581    0.00852    
178.13660    0.73750    -0.00580    0.11130    0.55338    0.00990    
178.50929    0.73830    -0.00580    0.11020    0.55384    0.00898    
178.88199    0.73960    -0.00610    0.11220    0.55299    0.00983    
179.25470    0.73880    -0.00730    0.11100    0.55495    0.01016    
179.62729    0.73800    -0.00790    0.11150    0.55391    0.00983    
180.00000    0.73880    -0.01020    0.11250    0.55456    0.01219    
180.37270    0.73980    -0.01160    0.11140    0.55463    0.00957    
180.74529    0.74020    -0.01300    0.11090    0.54676    0.00760    
181.11800    0.73640    -0.01420    0.11300    0.50992    0.00033    
181.49069    0.73550    -0.01610    0.11260    0.48848    -0.01003    
181.86339    0.73770    -0.01420    0.11200    0.50952    -0.01678    
182.23599    0.73820    -0.01630    0.11220    0.53942    -0.01875    
182.60869    0.73800    -0.01840    0.11210    0.54807    -0.01462    
182.98140    0.74010    -0.01930    0.11280    0.54991    -0.01429    
183.35399    0.73880    -0.02060    0.11310    0.55181    -0.01278    
183.72670    0.73780    -0.02190    0.11340    0.55017    -0.01134    
184.09940    0.73790    -0.02330    0.11340    0.55030    -0.01160    
184.47198    0.73610    -0.02460    0.11340    0.55056    -0.01337    
184.84470    0.73790    -0.02830    0.11330    0.55069    -0.00983    
185.21739    0.73670    -0.02820    0.11360    0.54912    -0.01023    
185.59009    0.73720    -0.03030    0.11380    0.54748    -0.01029    
185.96269    0.73680    -0.03250    0.11510    0.54945    -0.01311    
186.33539    0.73650    -0.03390    0.11560    0.55135    -0.01206    
186.70810    0.73660    -0.03670    0.11420    0.55161    -0.00846    
187.08069    0.73390    -0.03650    0.11680    0.54978    -0.00728    
187.45340    0.73380    -0.03860    0.11530    0.55174    -0.00800    
187.82610    0.73300    -0.04070    0.11720    0.55010    -0.00754    
188.19879    0.73460    -0.04370    0.11780    0.55200    -0.00747    
188.57140    0.73320    -0.04640    0.11870    0.54866    -0.00839    
188.94409    0.73310    -0.04790    0.12010    0.54866    -0.00990    
189.31679    0.73260    -0.05150    0.12290    0.54886    -0.00911    
189.68939    0.73030    -0.05200    0.12130    0.55076    -0.01082    
190.06209    0.72950    -0.05340    0.12400    0.55082    -0.00636    
190.43480    0.72930    -0.05630    0.12690    0.55102    -0.00970    
190.80739    0.73010    -0.05780    0.12720    0.55109    -0.00819    
191.18010    0.72930    -0.05850    0.12770    0.55122    -0.00800    
191.55280    0.72990    -0.06210    0.13020    0.55135    -0.01036    
191.92549    0.72970    -0.06430    0.13390    0.55318    -0.01049    
192.29810    0.73070    -0.06510    0.13580    0.55345    -0.00570    
192.67079    0.73020    -0.06580    0.13940    0.54827    -0.00872    
193.04349    0.72850    -0.06660    0.14430    0.55010    -0.01115    
193.41620    0.73030    -0.06950    0.14570    0.55194    -0.00944    
193.78879    0.72930    -0.06950    0.14920    0.55200    -0.00701    
194.16150    0.72690    -0.07090    0.15310    0.55037    -0.01101    
194.53419    0.72620    -0.07020    0.15670    0.55056    -0.00872    
194.90680    0.72530    -0.06880    0.16030    0.55233    -0.00734    
195.27950    0.72620    -0.07180    0.16460    0.55246    -0.00859    
195.65219    0.72490    -0.07120    0.17190    0.55253    -0.01023    
196.02480    0.72400    -0.06510    0.18420    0.55292    -0.00918    
196.39749    0.70750    -0.05070    0.19280    0.55305    -0.00898    
196.77019    0.69530    -0.01990    0.18610    0.55502    -0.00872    
197.14290    0.69370    0.01430    0.16440    0.55495    -0.00597    
197.51549    0.69670    0.02960    0.14430    0.55522    -0.00649    
197.88820    0.71760    0.03970    0.13280    0.55535    -0.00577    
198.26089    0.72550    0.03730    0.13220    0.55214    -0.00577    
198.63350    0.72810    0.03560    0.13090    0.55200    -0.00872    
199.00620    0.73040    0.03280    0.12730    0.55410    -0.00662    
199.37889    0.72880    0.02920    0.12510    0.55423    -0.00472    
199.75159    0.72920    0.02600    0.12280    0.55436    -0.00557    
200.12419    0.72940    0.02340    0.12060    0.55436    -0.00557    
200.49689    0.73070    0.02040    0.12180    0.55450    -0.00361    
200.86960    0.73150    0.01830    0.12050    0.55463    -0.00177    
201.24219    0.73290    0.01410    0.11950    0.55292    -0.00361    
201.61490    0.73090    0.01100    0.11940    0.55476    -0.00269    
201.98759    0.73460    0.00850    0.11930    0.55502    -0.00157    
202.36020    0.73400    0.00650    0.11830    0.55509    -0.00046    
202.73289    0.73360    0.00590    0.11880    0.55535    0.00066    
203.10559    0.73720    0.00340    0.11870    0.55541    0.00184    
203.47829    0.73760    0.00120    0.12030    0.55227    -0.00046    
203.85089    0.73700    0.00060    0.11930    0.55417    0.00295    
204.22359    0.73720    -0.00080    0.11940    0.55463    0.00321    
204.59630    0.73680    -0.00210    0.11850    0.55476    0.00688    
204.96889    0.73700    -0.00280    0.11930    0.55482    0.00531    
205.34160    0.73800    -0.00420    0.11820    0.55541    0.00682    
205.71429    0.73710    -0.00350    0.11860    0.55568    0.00957    
206.08699    0.73910    -0.00580    0.11930    0.55443    0.00885    
206.45959    0.73920    -0.00720    0.11940    0.55587    0.01062    
206.83229    0.73770    -0.00630    0.11950    0.55613    0.00996    
207.20499    0.74010    -0.00800    0.12040    0.55489    0.01324    
207.57759    0.73960    -0.00870    0.12020    0.55456    0.01128    
207.95029    0.73840    -0.00710    0.12050    0.55535    0.01147    
208.32300    0.73990    -0.00870    0.12110    0.55037    0.00819    
208.69559    0.73910    -0.01010    0.12220    0.53089    0.00243    
209.06830    0.73770    -0.00990    0.12170    0.49543    -0.00361    
209.44099    0.74140    -0.01110    0.12380    0.49713    -0.00846    
209.81369    0.73950    -0.01160    0.12310    0.52978    -0.00701    
210.18629    0.73910    -0.01150    0.12370    0.54741    -0.00262    
210.55899    0.73960    -0.01300    0.12460    0.55102    -0.00249    
210.93169    0.73800    -0.01280    0.12400    0.55095    -0.00256    
211.30440    0.74050    -0.01380    0.12560    0.55109    -0.00131    
211.67699    0.74090    -0.01460    0.12580    0.55109    -0.00170    
212.04970    0.73920    -0.01570    0.12440    0.55122    -0.00210    
212.42239    0.73950    -0.01720    0.12520    0.55135    -0.00125    
212.79500    0.73880    -0.01780    0.12570    0.55148    -0.00072    
213.16769    0.74020    -0.01870    0.12700    0.54978    -0.00380    
213.54039    0.73930    -0.02060    0.12510    0.55161    -0.00374    
213.91299    0.73910    -0.02070    0.12660    0.55174    -0.00170    
214.28569    0.73800    -0.02120    0.12610    0.55364    -0.00039    
214.65839    0.73880    -0.02270    0.12710    0.55200    -0.00138    
215.03110    0.73920    -0.02340    0.12580    0.55030    -0.00164    
215.40369    0.73720    -0.02460    0.12720    0.55043    -0.00420    
215.77640    0.73840    -0.02550    0.12770    0.55233    -0.00216    
216.14909    0.73790    -0.02740    0.12670    0.55056    -0.00131    
216.52170    0.73690    -0.02800    0.12630    0.55069    -0.00426    
216.89439    0.73540    -0.02940    0.12800    0.55259    -0.00249    
217.26709    0.73660    -0.03150    0.12770    0.55089    -0.00131    
217.63979    0.73660    -0.03440    0.12910    0.54912    -0.00347    
218.01239    0.73600    -0.03500    0.12810    0.54918    -0.00439    
218.38509    0.73530    -0.03710    0.12860    0.55109    -0.00420    
218.75780    0.73630    -0.03920    0.12970    0.55286    -0.00433    
219.13039    0.73560    -0.04000    0.13240    0.55109    -0.00229    
219.50310    0.73600    -0.04280    0.13340    0.55286    -0.00472    
219.87579    0.73670    -0.04560    0.13280    0.55286    -0.00243    
220.24840    0.73390    -0.04760    0.13340    0.55122    -0.00315    
220.62109    0.73440    -0.04980    0.13580    0.55122    -0.00315    
220.99379    0.73340    -0.05050    0.13770    0.54958    -0.00321    
221.36649    0.73100    -0.05250    0.14140    0.54958    -0.00361    
221.73909    0.73330    -0.05550    0.14530    0.55148    -0.00544    
222.11179    0.73150    -0.05630    0.15000    0.55148    -0.00426    
222.48450    0.73300    -0.05780    0.15440    0.55325    -0.00203    
222.85709    0.73100    -0.05930    0.15990    0.55331    -0.00092    
223.22980    0.73120    -0.05940    0.16620    0.54991    -0.00243    
223.60249    0.72910    -0.05600    0.17090    0.55004    -0.00334    
223.97519    0.72750    -0.04910    0.17270    0.55187    -0.00236    
224.34779    0.72120    -0.03420    0.16930    0.55194    -0.00164    
224.72049    0.70190    0.00460    0.15250    0.55220    -0.00105    
225.09319    0.69620    0.04090    0.12230    0.55240    -0.00013    
225.46579    0.71410    0.05020    0.11870    0.55227    -0.00157    
225.83849    0.72410    0.05280    0.11770    0.55259    -0.00216    
226.21120    0.72630    0.05190    0.11630    0.55279    -0.00111    
226.58379    0.72750    0.04850    0.11520    0.55299    0.00105    
226.95650    0.72780    0.04590    0.11300    0.55299    0.00105    
227.32919    0.72810    0.04050    0.11370    0.55148    0.00295    
227.70189    0.72690    0.03740    0.11240    0.55155    0.00092    
228.07449    0.72910    0.03440    0.11170    0.55181    0.00203    
228.44719    0.72720    0.03200    0.11090    0.55371    0.00374    
228.81989    0.72840    0.02850    0.11060    0.55043    0.00459    
229.19260    0.72790    0.02580    0.11030    0.55233    0.00406    
229.56519    0.72950    0.02060    0.11370    0.55102    0.00354    
229.93790    0.73170    0.01820    0.11310    0.55109    0.00190    
230.31059    0.73180    0.01550    0.11310    0.55292    0.00413    
230.68320    0.73330    0.01110    0.11440    0.55338    0.00433    
231.05589    0.73300    0.00850    0.11270    0.55358    0.00701    
231.42859    0.73320    0.00770    0.11350    0.55200    0.00819    
231.80119    0.73420    0.00610    0.11600    0.55266    0.00760    
232.17389    0.73420    0.00400    0.11530    0.55292    0.00918    
232.54659    0.73310    0.00410    0.11560    0.55338    0.00944    
232.91930    0.73320    0.00270    0.11560    0.55397    0.01200    
233.29189    0.73430    0.00110    0.11680    0.55286    0.01324    
233.66460    0.73350    -0.00010    0.11650    0.55515    0.01154    
234.03729    0.73220    -0.00210    0.11810    0.55561    0.01514    
234.40990    0.73420    -0.00310    0.11880    0.55410    0.01298    
234.78259    0.73450    -0.00310    0.11830    0.55436    0.01351    
235.15529    0.73450    -0.00580    0.11750    0.55443    0.01265    
235.52800    0.73520    -0.00670    0.11850    0.55423    0.01174    
235.90059    0.73560    -0.00740    0.11860    0.55161    0.01049    
236.27328    0.73480    -0.00800    0.11910    0.53057    0.00544    
236.64600    0.73530    -0.00940    0.11770    0.50159    0.00282    
237.01859    0.73700    -0.01030    0.11840    0.51418    -0.00374    
237.39130    0.73400    -0.01140    0.11870    0.52971    -0.00636    
237.76399    0.73390    -0.01070    0.11790    0.54132    -0.00767    
238.13660    0.73480    -0.01010    0.11900    0.55023    -0.00747    
238.50929    0.73720    -0.01110    0.11920    0.55220    -0.00603    
238.88199    0.73610    -0.01310    0.12020    0.55076    -0.00872    
239.25470    0.73530    -0.01370    0.12060    0.55089    -0.00879    
239.62729    0.73440    -0.01280    0.11880    0.55109    -0.00656    
240.00000    0.73600    -0.01580    0.11940    0.55128    -0.00715    
240.37270    0.73520    -0.01510    0.12060    0.55325    -0.00452    
240.74529    0.73360    -0.01700    0.11990    0.55338    -0.00544    
241.11800    0.73540    -0.01780    0.11980    0.55174    -0.00413    
241.49069    0.73510    -0.01850    0.11970    0.55181    -0.00544    
241.86339    0.73290    -0.01900    0.12040    0.55187    -0.00636    
242.23599    0.73240    -0.02180    0.12010    0.55200    -0.00813    
242.60869    0.73380    -0.02260    0.12060    0.55214    -0.00675    
242.98140    0.73500    -0.02410    0.12040    0.55214    -0.00754    
243.35399    0.73340    -0.02470    0.12050    0.55397    -0.00472    
243.72670    0.73450    -0.02760    0.12090    0.55227    -0.00747    
244.09940    0.73220    -0.02800    0.11930    0.55227    -0.00977    
244.47198    0.73200    -0.02870    0.12060    0.55246    -0.00859    
244.84470    0.73250    -0.03090    0.12080    0.55436    -0.00839    
245.21739    0.73090    -0.03000    0.12090    0.55266    -0.00793    
245.59009    0.73140    -0.03220    0.12110    0.55443    -0.00806    
245.96269    0.73280    -0.03380    0.12310    0.55450    -0.00898    
246.33539    0.73080    -0.03720    0.12390    0.55463    -0.00990    
246.70810    0.73040    -0.03580    0.12300    0.55463    -0.01069    
247.08069    0.73030    -0.03870    0.12590    0.55299    -0.00879    
247.45340    0.73030    -0.03870    0.12590    0.55469    -0.00879    
247.82610    0.72910    -0.04140    0.12620    0.55292    -0.00951    
248.19879    0.72770    -0.04140    0.12950    0.55299    -0.00996    
248.57140    0.72690    -0.04210    0.12990    0.55148    -0.00852    
248.94409    0.72720    -0.04220    0.13310    0.55318    -0.00937    
249.31679    0.72840    -0.04310    0.13650    0.54978    -0.00590    
249.68939    0.72820    -0.04450    0.13800    0.54978    -0.01049    
250.06209    0.72800    -0.04320    0.14180    0.54984    -0.00977    
250.43480    0.72710    -0.04050    0.14460    0.55168    -0.00990    
250.80739    0.72640    -0.03630    0.14740    0.55187    -0.00826    
251.18010    0.72320    -0.03410    0.15170    0.55181    -0.00898    
251.55280    0.72310    -0.03150    0.15710    0.54846    -0.00819    
251.92549    0.71940    -0.02640    0.15670    0.55043    -0.00806    
252.29810    0.70330    -0.01230    0.15030    0.55069    -0.01023    
252.67079    0.68710    0.00370    0.13480    0.55102    -0.00892    
253.04349    0.69590    0.01850    0.12370    0.55279    -0.00623    
253.41620    0.71890    0.02730    0.12430    0.54971    -0.00715    
253.78879    0.72140    0.03060    0.12220    0.55168    -0.00465    
254.16150    0.72170    0.03500    0.11780    0.55174    -0.00380    
254.53419    0.72250    0.03300    0.11510    0.55200    -0.00433    
254.90680    0.72270    0.03060    0.11210    0.55214    -0.00282    
255.27950    0.72430    0.02970    0.11120    0.55181    -0.00459    
255.65219    0.72520    0.02630    0.11000    0.55214    -0.00164    
256.02478    0.72700    0.02470    0.10920    0.55377    -0.00321    
256.39749    0.72370    0.02250    0.10850    0.55397    -0.00210    
256.77017    0.72490    0.01960    0.10750    0.55417    -0.00177    
257.14288    0.72830    0.01500    0.10800    0.55620    0.00039    
257.51547    0.72960    0.01270    0.10850    0.55450    0.00249    
257.88818    0.72950    0.01140    0.10760    0.55469    -0.00111    
258.26089    0.73030    0.00910    0.10870    0.55509    0.00465    
258.63348    0.73080    0.00700    0.10880    0.55371    0.00111    
259.00620    0.73140    0.00480    0.10900    0.55397    0.00505    
259.37888    0.73000    0.00490    0.10920    0.55436    0.00334    
259.75159    0.72960    0.00290    0.10970    0.55633    0.00531    
260.12418    0.73220    0.00250    0.11150    0.55692    0.00682    
260.49689    0.73140    0.00120    0.11120    0.55574    0.00800    
260.86960    0.73340    -0.00050    0.11120    0.55509    0.01042    
261.24219    0.73040    -0.00140    0.11000    0.55541    0.00924    
261.61490    0.73020    -0.00300    0.11290    0.55417    0.01036    
261.98758    0.72970    -0.00290    0.11270    0.55515    0.01134    
262.36029    0.73380    -0.00480    0.11280    0.55600    0.01029    
262.73288    0.73400    -0.00820    0.11060    0.55705    0.01193    
263.10559    0.73150    -0.00730    0.11180    0.55646    0.01213    
263.47827    0.73250    -0.00820    0.11370    0.55286    0.00931    
263.85089    0.73030    -0.01000    0.11210    0.53463    0.00400    
264.22357    0.73180    -0.01150    0.11190    0.50310    -0.00485    
264.59628    0.73120    -0.01360    0.11240    0.52054    -0.01193    
264.96887    0.73190    -0.01360    0.11270    0.53096    -0.01560    
265.34158    0.73140    -0.01640    0.11240    0.54597    -0.01646    
265.71429    0.73300    -0.01660    0.11300    0.54787    -0.01429    
266.08688    0.73220    -0.01860    0.11350    0.54991    -0.01252    
266.45959    0.73230    -0.01930    0.11270    0.54840    -0.01200    
266.83228    0.73100    -0.01850    0.11370    0.54859    -0.01042    
267.20499    0.73180    -0.01790    0.11330    0.54886    -0.01101    
267.57758    0.73330    -0.02020    0.11460    0.54905    -0.00977    
267.95029    0.72870    -0.02040    0.11360    0.54925    -0.00774    
268.32300    0.72990    -0.02130    0.11550    0.54774    -0.01023    
268.69559    0.73050    -0.02210    0.11570    0.54964    -0.01219    
269.06830    0.73180    -0.02360    0.11540    0.54984    -0.01023    
269.44098    0.73090    -0.02570    0.11580    0.55004    -0.00918    
269.81369    0.73020    -0.02630    0.11630    0.55030    -0.00662    
270.18628    0.73160    -0.02780    0.11600    0.55050    -0.00583    
270.55899    0.73140    -0.02780    0.11600    0.55056    -0.00970    
270.93167    0.72950    -0.02760    0.11520    0.55246    -0.00583    
271.30438    0.73120    -0.02990    0.11650    0.54918    -0.00636    
271.67697    0.73100    -0.02920    0.11580    0.55102    -0.00970    
272.04968    0.73040    -0.03130    0.11630    0.55115    -0.00747    
272.42239    0.73090    -0.03350    0.11790    0.54938    -0.00544    
272.79498    0.73050    -0.03770    0.11850    0.54958    -0.00885    
273.16769    0.72830    -0.03610    0.11760    0.54978    -0.00780    
273.54037    0.72750    -0.03750    0.11880    0.54814    -0.00944    
273.91309    0.72770    -0.04040    0.12030    0.54650    -0.00937    
274.28568    0.73140    -0.04420    0.12170    0.54505    -0.00728    
274.65839    0.73060    -0.04780    0.12220    0.54519    -0.00695    
275.03110    0.72800    -0.04900    0.12340    0.54014    -0.01082    
275.40369    0.72890    -0.04980    0.12290    0.53679    -0.01108    
275.77640    0.72920    -0.05130    0.12380    0.53896    -0.00996    
276.14908    0.72950    -0.05350    0.12550    0.53194    -0.00996    
276.52170    0.72740    -0.05410    0.12850    0.53398    -0.01259    
276.89438    0.72730    -0.05560    0.13000    0.53411    -0.01226    
277.26709    0.72630    -0.05550    0.13030    0.53948    -0.00977    
277.63968    0.72940    -0.05570    0.13150    0.53778    -0.00931    
278.01239    0.72910    -0.05500    0.13220    0.54151    -0.01115    
278.38507    0.72830    -0.05780    0.13490    0.54342    -0.00826    
278.75778    0.72940    -0.05730    0.13610    0.54519    -0.00944    
279.13037    0.71990    -0.04980    0.13530    0.54886    -0.00741    
279.50308    0.69290    -0.03050    0.12220    0.54905    -0.00826    
279.87579    0.67930    -0.01120    0.11190    0.55076    -0.00787    
280.24838    0.69640    0.00130    0.11040    0.55095    -0.00642    
280.62109    0.71680    0.01600    0.11190    0.55450    -0.00616    
280.99377    0.72180    0.02450    0.11230    0.55076    -0.00669    
281.36649    0.72590    0.02820    0.11100    0.55266    -0.00721    
281.73907    0.72490    0.03190    0.10840    0.55266    -0.00485    
282.11179    0.72460    0.03210    0.10760    0.55253    -0.00400    
282.48450    0.72570    0.02990    0.10720    0.55076    -0.00544    
282.85709    0.72500    0.02730    0.10610    0.55240    -0.00472    
283.22980    0.72500    0.02730    0.10610    0.55259    -0.00203    
283.60248    0.72580    0.02510    0.10720    0.54912    -0.00111    
283.97519    0.72650    0.02150    0.10740    0.54925    -0.00072    
284.34778    0.72690    0.01800    0.10670    0.55102    -0.00315    
284.72049    0.72680    0.01650    0.10820    0.55128    -0.00328    
285.09317    0.72700    0.01310    0.10810    0.55148    -0.00184    
285.46588    0.72940    0.00990    0.10910    0.55187    0.00269    
285.83847    0.73020    0.00760    0.11010    0.55200    0.00072    
286.21118    0.73020    0.00760    0.11010    0.55200    0.00197    
286.58389    0.73150    0.00610    0.10990    0.55063    0.00111    
286.95648    0.73000    0.00490    0.11070    0.55292    0.00406    
287.32919    0.73130    0.00180    0.11190    0.55128    0.00334    
287.70187    0.73300    0.00020    0.11250    0.55325    0.00518    
288.07449    0.73220    0.00100    0.11290    0.55384    0.00669    
288.44717    0.73330    0.00010    0.11340    0.55450    0.00819    
288.81989    0.73350    0.00010    0.11340    0.55509    0.00970    
289.19247    0.73460    -0.00150    0.11460    0.55214    0.01147    
289.56519    0.73420    -0.00210    0.11440    0.55273    0.00964    
289.93790    0.73500    -0.00220    0.11330    0.55312    0.01252    
290.31049    0.73420    0.00010    0.11230    0.55535    0.01416    
290.68320    0.73540    -0.00080    0.11270    0.55430    0.01200    
291.05588    0.73590    -0.00090    0.11360    0.55253    0.01042    
291.42859    0.73640    -0.00160    0.11240    0.53909    0.00754    
291.80118    0.73740    -0.00320    0.11490    0.49051    0.00223    
292.17389    0.73820    -0.00190    0.11380    0.45229    -0.00944    
292.54657    0.73690    -0.00520    0.11400    0.42744    -0.02222    
292.91928    0.73600    -0.00580    0.11440    0.44154    -0.02629    
293.29187    0.73600    -0.00580    0.11440    0.47818    -0.02288    
293.66458    0.73570    -0.00650    0.11420    0.51883    -0.01403    
294.03729    0.73660    -0.00730    0.11530    0.53489    -0.00885    
294.40988    0.73690    -0.00950    0.11690    0.54047    -0.00570    
294.78259    0.73510    -0.00860    0.11610    0.54414    -0.00715    
295.15527    0.73660    -0.01020    0.11680    0.54610    -0.00610    
295.52798    0.73470    -0.01130    0.11670    0.54801    -0.00446    
295.90057    0.73520    -0.01350    0.11690    0.54820    -0.00328    
296.27328    0.73510    -0.01280    0.11760    0.55004    -0.00177    
296.64600    0.73520    -0.01420    0.11760    0.55194    -0.00282    
297.01859    0.73460    -0.01490    0.11810    0.55220    -0.00262    
297.39130    0.73580    -0.01780    0.11930    0.55227    -0.00275    
297.76398    0.73440    -0.01850    0.12020    0.55233    -0.00131    
298.13669    0.73370    -0.01840    0.12000    0.55253    -0.00013    
298.50928    0.73370    -0.01840    0.12000    0.55286    -0.00092    
298.88199    0.73420    -0.02050    0.12010    0.55299    -0.00216    
299.25470    0.73320    -0.02040    0.11900    0.55312    -0.00275    
299.62729    0.73430    -0.02190    0.11870    0.55331    -0.00177    
300.00000    0.73330    -0.02310    0.11820    0.55358    0.00072    
300.37268    0.73460    -0.02610    0.11940    0.55010    -0.00420    
300.74527    0.73490    -0.02760    0.12030    0.55187    -0.00085    
301.11798    0.73430    -0.02960    0.12080    0.55181    -0.00269    
301.49069    0.73320    -0.03100    0.12110    0.55194    -0.00164    
301.86328    0.73210    -0.03370    0.12290    0.55194    -0.00164    
302.23599    0.73240    -0.03600    0.12450    0.55194    -0.00275    
302.60867    0.73320    -0.03740    0.12480    0.55391    -0.00262    
302.98138    0.73280    -0.03880    0.12540    0.55417    -0.00013    
303.35397    0.73210    -0.04380    0.12730    0.55253    -0.00249    
303.72668    0.73000    -0.04440    0.12810    0.55266    -0.00216    
304.09940    0.72950    -0.04720    0.12870    0.55266    -0.00216    
304.47198    0.72960    -0.04870    0.13100    0.55286    -0.00111    
304.84470    0.72920    -0.04870    0.13240    0.55482    -0.00210    
305.21738    0.72800    -0.05020    0.13510    0.55495    0.00052    
305.59009    0.72410    -0.05280    0.13600    0.55489    -0.00249    
305.96268    0.72100    -0.05780    0.14120    0.55522    -0.00118    
306.33539    0.71260    -0.06120    0.14400    0.55364    -0.00118    
306.70810    0.69040    -0.06000    0.14250    0.55371    -0.00157    
307.08069    0.66920    -0.04860    0.13070    0.55371    -0.00157    
307.45340    0.66080    -0.02510    0.10960    0.55561    -0.00098    
307.82608    0.67260    0.01090    0.09340    0.55607    -0.00236    
308.19879    0.69090    0.03560    0.09600    0.55574    -0.00177    
308.57138    0.71960    0.04230    0.10690    0.55620    0.00066    
308.94409    0.72590    0.04220    0.11300    0.55607    0.00118    
309.31677    0.72600    0.04280    0.11370    0.55443    0.00039    
309.68948    0.72540    0.03960    0.11340    0.55456    0.00236    
310.06207    0.72540    0.03630    0.11180    0.55417    0.00052    
310.43478    0.72740    0.03330    0.11110    0.55404    0.00144    
310.80750    0.72610    0.02950    0.10970    0.55587    0.00249    
311.18008    0.72940    0.02630    0.11020    0.55613    0.00472    
311.55280    0.73010    0.02280    0.11040    0.55436    0.00321    
311.92548    0.73080    0.01920    0.11060    0.55450    0.00518    
312.29810    0.73150    0.01570    0.11080    0.55450    0.00393    
312.67078    0.73140    0.01430    0.11080    0.55292    0.00511    
313.04349    0.73200    0.01350    0.11100    0.55345    0.00767    
313.41608    0.73250    0.01000    0.11120    0.55377    0.00597    
313.78879    0.73270    0.00850    0.11260    0.55391    0.00793    
314.16150    0.73350    0.00770    0.11220    0.55391    0.00793    
314.53409    0.73220    0.00660    0.11170    0.55430    0.00977    
314.90680    0.73480    0.00470    0.11340    0.55482    0.01396    
315.27948    0.73550    0.00390    0.11440    0.55358    0.01285    
315.65219    0.73500    0.00320    0.11570    0.55404    0.01344    
316.02478    0.73230    0.00280    0.11470    0.55450    0.01423    
316.39749    0.73250    0.00140    0.11470    0.55515    0.01573    
316.77017    0.73530    0.00180    0.11580    0.55568    0.01764    
317.14288    0.73690    0.00010    0.11640    0.55568    0.01764    
317.51547    0.73640    0.00020    0.11550    0.55607    0.01652    
317.88818    0.73660    0.00020    0.11550    0.55640    0.01816    
318.26089    0.73740    0.00090    0.11510    0.55627    0.01744    
318.63348    0.73900    0.00000    0.11500    0.55692    0.01646    
319.00620    0.73730    -0.00050    0.11510    0.55240    0.01770    
319.37888    0.73960    0.00000    0.11450    0.53673    0.00970    
319.75159    0.73750    -0.00050    0.11370    0.50080    0.00308    
320.12418    0.73830    -0.00200    0.11400    0.47255    -0.00197    
320.49689    0.73750    -0.00250    0.11300    0.49202    -0.00446    
320.86960    0.73680    -0.00310    0.11340    0.53522    -0.00439    
321.24219    0.73570    -0.00380    0.11380    0.55115    -0.00315    
321.61490    0.73370    -0.00420    0.11300    0.55292    0.00052    
321.98758    0.73440    -0.00570    0.11330    0.55141    -0.00118    
322.36029    0.73060    -0.00600    0.11330    0.55318    0.00026    
322.73288    0.73190    -0.00690    0.11380    0.55148    0.00334    
323.10559    0.73000    -0.00810    0.11320    0.54978    0.00026    
323.47827    0.73010    -0.00950    0.11320    0.54984    0.00072    
323.85089    0.72690    -0.01060    0.11340    0.55194    0.00059    
324.22357    0.73150    -0.01170    0.11430    0.55207    0.00177    
324.59628    0.73050    -0.01390    0.11620    0.55214    0.00275    
324.96887    0.73250    -0.01550    0.11690    0.55207    0.00393    
325.34158    0.73300    -0.01690    0.11840    0.55050    -0.00098    
325.71429    0.73310    -0.01830    0.11840    0.55233    0.00020    
326.08688    0.73510    -0.02070    0.12060    0.55069    0.00459    
326.45959    0.73620    -0.02220    0.12100    0.54918    0.00393    
326.83228    0.73600    -0.02360    0.12160    0.54932    0.00334    
327.20499    0.73640    -0.02510    0.12250    0.54925    -0.00039    
327.57758    0.73380    -0.02690    0.12300    0.55122    0.00151    
327.95029    0.73630    -0.02790    0.12320    0.54971    0.00125    
328.32300    0.73760    -0.03010    0.12360    0.54991    0.00066    
328.69559    0.73410    -0.03120    0.12300    0.55155    0.00190    
329.06830    0.73560    -0.03340    0.12500    0.54997    0.00328    
329.44098    0.73650    -0.03640    0.12620    0.54820    -0.00157    
329.81369    0.73390    -0.03610    0.12590    0.54997    -0.00013    
330.18628    0.73390    -0.03900    0.12740    0.54820    0.00033    
330.55899    0.73490    -0.04200    0.13000    0.54827    -0.00059    
330.93167    0.73490    -0.04620    0.13150    0.55023    0.00033    
331.30438    0.73550    -0.04840    0.13400    0.55030    0.00223    
331.67697    0.73260    -0.04970    0.13520    0.54853    0.00151    
332.04968    0.73120    -0.05110    0.13850    0.54702    0.00216    
332.42239    0.73170    -0.05400    0.14170    0.54886    -0.00295    
332.79498    0.73150    -0.05550    0.14550    0.54912    -0.00013    
333.16769    0.72980    -0.05550    0.15100    0.54899    0.00079    
333.54037    0.72970    -0.05560    0.15570    0.54905    -0.00079    
333.91309    0.72940    -0.05790    0.16250    0.54905    -0.00085    
334.28568    0.72740    -0.05380    0.17190    0.55102    0.00013    
334.65839    0.72560    -0.04780    0.18210    0.54932    0.00092    
335.03110    0.71540    -0.02160    0.18370    0.54951    0.00039    
335.40369    0.70920    0.00240    0.17040    0.54951    0.00157    
335.77640    0.69760    0.03600    0.14000    0.54978    0.00105    
336.14908    0.71540    0.05080    0.12540    0.54807    0.00151    
336.52170    0.72450    0.05140    0.12470    0.54991    -0.00013    
336.89438    0.72560    0.05020    0.12200    0.55017    0.00203    
337.26709    0.72660    0.05030    0.11860    0.55030    -0.00118    
337.63968    0.72770    0.04430    0.11670    0.55391    0.00216    
338.01239    0.72690    0.03980    0.11550    0.55220    0.00656    
338.38507    0.72730    0.03440    0.11480    0.55043    0.00393    
338.75778    0.72930    0.03010    0.11320    0.55095    0.00479    
339.13037    0.72840    0.02830    0.11280    0.55286    0.00197    
339.50308    0.73060    0.02240    0.11360    0.55292    0.00505    
339.87579    0.73220    0.01880    0.11410    0.55489    0.00577    
340.24838    0.73290    0.01520    0.11430    0.55325    0.00846    
340.62109    0.73320    0.01250    0.11290    0.55187    0.00649    
340.99377    0.73170    0.01130    0.11370    0.55371    0.00636    
341.36649    0.73420    0.00890    0.11400    0.55397    0.00747    
341.73907    0.73270    0.00640    0.11400    0.55430    0.00852    
342.11179    0.73630    0.00310    0.11460    0.55469    0.01036    
342.48450    0.73370    0.00270    0.11510    0.55482    0.01003    
342.85709    0.73630    0.00110    0.11460    0.55515    0.01232    
343.22980    0.73640    -0.00170    0.11460    0.55233    0.01442    
343.60248    0.73650    -0.00310    0.11460    0.55259    0.01606    
343.97519    0.73700    -0.00530    0.11480    0.55482    0.01318    
344.34778    0.73510    -0.00500    0.11330    0.55495    0.01567    
344.72049    0.73670    -0.00730    0.11470    0.55535    0.01698    
345.09317    0.73600    -0.00570    0.11290    0.55358    0.01724    
345.46588    0.73690    -0.00790    0.11260    0.55187    0.01495    
345.83847    0.73630    -0.00990    0.11300    0.55364    0.01718    
346.21118    0.73690    -0.01130    0.11250    0.55220    0.01541    
346.58389    0.73720    -0.01350    0.11260    0.54604    0.01252    
346.95648    0.73820    -0.01580    0.11510    0.50874    0.00833    
347.32919    0.73890    -0.01660    0.11470    0.49005    -0.00066    
347.70187    0.73910    -0.01810    0.11700    0.51287    -0.00505    
348.07449    0.73730    -0.02000    0.11770    0.54191    -0.00144    
348.44717    0.73590    -0.02070    0.11870    0.55056    0.00144    
348.81989    0.73850    -0.02170    0.12030    0.55063    0.00295    
349.19247    0.73810    -0.02090    0.12020    0.55076    -0.00046    
349.56519    0.73870    -0.02250    0.12190    0.55076    -0.00098    
349.93790    0.73730    -0.02240    0.12220    0.55266    0.00020    
350.31049    0.73760    -0.02240    0.12300    0.55286    0.00098    
350.68320    0.73470    -0.02210    0.12190    0.55292    0.00144    
351.05588    0.73900    -0.02260    0.12420    0.54964    0.00072    
351.42859    0.73730    -0.02240    0.12360    0.54984    0.00229    
351.80118    0.73900    -0.02470    0.12490    0.54991    0.00138    
352.17389    0.73860    -0.02470    0.12550    0.54846    -0.00125    
352.54657    0.73930    -0.02610    0.12500    0.55037    -0.00085    
352.91928    0.73830    -0.02460    0.12470    0.55037    -0.00085    
353.29187    0.74050    -0.02690    0.12550    0.55069    0.00020    
353.66458    0.74000    -0.02890    0.12450    0.55056    -0.00079    
354.03729    0.73920    -0.02950    0.12490    0.55253    -0.00125    
354.40988    0.73850    -0.03020    0.12540    0.55273    0.00157    
354.78259    0.73720    -0.03080    0.12490    0.55286    0.00262    
355.15527    0.73860    -0.03160    0.12540    0.55286    0.00033    
355.52798    0.73730    -0.03290    0.12570    0.55299    0.00131    
355.90057    0.73760    -0.03510    0.12730    0.55141    -0.00033    
356.27328    0.73620    -0.03500    0.12670    0.55305    -0.00229    
356.64600    0.73530    -0.03630    0.12710    0.55148    -0.00203    
357.01859    0.73580    -0.03710    0.12810    0.55331    -0.00256    
357.39130    0.73530    -0.03910    0.12710    0.55338    -0.00066    
357.76398    0.73600    -0.03990    0.12810    0.55168    -0.00020    
358.13669    0.73440    -0.04120    0.12900    0.55181    -0.00079    
358.50928    0.73360    -0.04180    0.12940    0.55377    -0.00177    
358.88199    0.73250    -0.04320    0.12980    0.55384    -0.00216    
359.25470    0.73410    -0.04470    0.13180    0.55207    -0.00131    
359.62729    0.73320    -0.04470    0.13300    0.55220    -0.00367    
360.00000    0.73310    -0.04620    0.13530    0.55220    -0.00269    
