TITLE:  An Experimental Investigation of the Flow through an Axial-Flow Pump
AUTHORS:  Zierke, Straka, and Taylor
JOURNAL PAPER FIGURE(S):  NA
PSU/ARL TR 93-12 FIGURE(S):  28e
*****************************************************************************
DATA TITLE:  Circumferential Variation of Velocity and Pressure Downstream of 
             IGV Trailing Edge Measured with 5-Hole Probes (52.4% span)
MEASUREMENT TYPE:  5-hole probe wake rake survey
MEASUREMENT LOCATION:  49.7% IGV chord axially downstream of IGV trailing 
                       edge, at 52.4% span
NOMINAL CONDITIONS:  
  vinf = 35.0 ft/sec
  pref = 43.2 psia
  rho  = 1.932 slugs/ft^3
  rotor rpm  = 260
  Utip = 47.6 ft/sec
  IGV chord = 6.90 inches
  IGV span  = 10.50 inches
DATA COLUMNS:
  1 -- circumferential position in degrees
  2 -- nondimensional axial velocity, Vz / Utip,  [uncertainty: 0.02]
  3 -- nondimensional radial velocity, Vr / Utip,   [uncertainty: 0.02] 
  4 -- nondimensional tangential velocity, Vtheta / Utip,  [uncertainty: 0.02] 
  5 -- total pressure coefficient, Kpt = (ptot - pref) / (0.5 * rho * Utip^2)
  6 -- static pressure coefficient, Kpt = (psta - pref) / (0.5 * rho * Utip^2)
*****************************************************************************
0.37270    0.71130    -0.01740    0.16860    0.54519    -0.01075    
0.74530    0.71100    -0.01680    0.16850    0.54519    -0.00852    
1.11800    0.70940    -0.01730    0.16970    0.54545    -0.00734    
1.49070    0.70960    -0.01880    0.16970    0.54564    -0.00787    
1.86340    0.70660    -0.02000    0.16960    0.54623    -0.00577    
2.23600    0.70720    -0.02290    0.17140    0.54643    -0.00387    
2.60870    0.70850    -0.02520    0.17180    0.54650    -0.00210    
2.98140    0.70790    -0.02880    0.17320    0.53620    -0.00583    
3.35400    0.70850    -0.03060    0.17500    0.51136    -0.01075    
3.72670    0.70010    -0.02930    0.17440    0.48212    -0.01311    
4.09940    0.68020    -0.01270    0.16500    0.47379    -0.01685    
4.47210    0.67010    0.00020    0.14930    0.48100    -0.01901    
4.84470    0.68060    0.00980    0.13810    0.50113    -0.01737    
5.21740    0.69960    0.01430    0.13760    0.52696    -0.01534    
5.59010    0.71210    0.01700    0.14090    0.54079    -0.00944    
5.96270    0.71940    0.01950    0.14660    0.54407    -0.00439    
6.33540    0.71920    0.01830    0.15310    0.54440    -0.00334    
6.70810    0.71840    0.01750    0.15700    0.54479    0.00125    
7.08070    0.71860    0.01670    0.15950    0.54499    0.00007    
7.45340    0.72070    0.01710    0.16100    0.54512    0.00098    
7.82610    0.72260    0.01470    0.16310    0.54525    -0.00210    
8.19880    0.72110    0.01360    0.16260    0.54368    -0.00275    
8.57140    0.72210    0.01210    0.16290    0.54545    -0.00433    
8.94410    0.72130    0.00870    0.16260    0.54368    -0.00669    
9.31680    0.72440    0.00710    0.16270    0.54381    -0.00911    
9.68940    0.72350    0.00510    0.16230    0.54374    -0.00747    
10.06210    0.72470    0.00420    0.16180    0.54551    -0.01029    
10.43480    0.72680    0.00190    0.16240    0.54558    -0.01029    
10.80750    0.72560    0.00150    0.16200    0.54551    -0.01351    
11.18010    0.72810    0.00050    0.16120    0.54551    -0.01246    
11.55280    0.72860    -0.00150    0.16130    0.54564    -0.01351    
11.92550    0.72580    -0.00180    0.16040    0.54394    -0.01442    
12.29810    0.72710    -0.00290    0.15990    0.54564    -0.01423    
12.67080    0.72760    -0.00280    0.15930    0.54401    -0.01560    
13.04350    0.72720    -0.00430    0.15990    0.54414    -0.01547    
13.41620    0.72970    -0.00380    0.15990    0.54427    -0.01587    
13.78880    0.72950    -0.00500    0.15900    0.54630    -0.01423    
14.16150    0.72860    -0.00560    0.15950    0.54637    -0.01600    
14.53420    0.72980    -0.00660    0.15900    0.54637    -0.01600    
14.90680    0.72920    -0.00650    0.15970    0.54663    -0.01488    
15.27950    0.72980    -0.00660    0.15900    0.54492    -0.01580    
15.65220    0.73050    -0.00750    0.16010    0.54492    -0.01580    
16.02490    0.72930    -0.00790    0.15970    0.54505    -0.01685    
16.39750    0.72900    -0.00770    0.15880    0.54689    -0.01626    
16.77020    0.72890    -0.00850    0.15950    0.54689    -0.01626    
17.14290    0.72930    -0.00790    0.15970    0.54689    -0.01626    
17.51550    0.72790    -0.00780    0.16010    0.54525    -0.01541    
17.88820    0.72870    -0.00780    0.16030    0.54532    -0.01646    
18.26090    0.72890    -0.00790    0.16120    0.54545    -0.01882    
18.63350    0.72790    -0.00840    0.16170    0.54735    -0.01750    
19.00620    0.72600    -0.00900    0.16110    0.54755    -0.01652    
19.37890    0.72750    -0.00920    0.16070    0.54741    -0.01685    
19.75160    0.72820    -0.00860    0.16260    0.54925    -0.01809    
20.12420    0.72770    -0.01000    0.16320    0.54761    -0.01829    
20.49690    0.72590    -0.01050    0.16260    0.54781    -0.01613    
20.86960    0.72680    -0.01060    0.16370    0.54623    -0.01626    
21.24220    0.72680    -0.01060    0.16370    0.54787    -0.01790    
21.61490    0.72530    -0.01170    0.16320    0.54610    -0.01462    
21.98760    0.72390    -0.01300    0.16360    0.54630    -0.01665    
22.36030    0.72330    -0.01290    0.16420    0.54637    -0.01600    
22.73290    0.72350    -0.01290    0.16510    0.54617    -0.01567    
23.10560    0.72280    -0.01270    0.16570    0.54623    -0.01501    
23.47830    0.71980    -0.01260    0.16470    0.54630    -0.01416    
23.85090    0.72230    -0.01300    0.16550    0.54637    -0.01213    
24.22360    0.72210    -0.01370    0.16620    0.54460    -0.01370    
24.59630    0.72270    -0.01370    0.16560    0.54486    -0.01390    
24.96890    0.72210    -0.01370    0.16620    0.54453    -0.01193    
25.34160    0.72000    -0.01270    0.16560    0.54440    -0.01088    
25.71430    0.72010    -0.01280    0.16560    0.54289    -0.01134    
26.08700    0.71970    -0.01280    0.16720    0.54460    -0.01285    
26.45960    0.71800    -0.01250    0.16670    0.54446    -0.01042    
26.83230    0.71770    -0.01190    0.16660    0.54446    -0.01042    
27.20500    0.71770    -0.01190    0.16660    0.54276    -0.00885    
27.57760    0.71720    -0.01120    0.16640    0.54263    -0.00642    
27.95030    0.71600    -0.01030    0.16610    0.54296    -0.00944    
28.32300    0.71600    -0.01030    0.16610    0.54322    -0.00819    
28.69570    0.71290    -0.00990    0.16600    0.54532    -0.00826    
29.06830    0.71120    -0.00830    0.16550    0.54512    -0.00544    
29.44100    0.71220    -0.00920    0.16500    0.54505    -0.00367    
29.81370    0.71110    -0.00970    0.16460    0.54538    -0.00210    
30.18630    0.71150    -0.01190    0.16380    0.54197    0.00039    
30.55900    0.71190    -0.01260    0.16390    0.54368    -0.00125    
30.93170    0.70930    -0.01360    0.16320    0.54368    -0.00203    
31.30430    0.69460    -0.01230    0.15980    0.53870    -0.00439    
31.67700    0.67170    -0.00380    0.15320    0.51562    -0.00629    
32.04970    0.65320    -0.00220    0.14590    0.48690    -0.01219    
32.42240    0.65160    -0.00200    0.13920    0.45570    -0.01757    
32.79500    0.66660    0.00020    0.13590    0.45616    -0.01967    
33.16770    0.68830    0.00040    0.14120    0.48369    -0.01593    
33.54040    0.70850    -0.00110    0.15000    0.51496    -0.01154    
33.91300    0.71690    -0.00190    0.15670    0.53791    -0.00741    
34.28570    0.72010    -0.00260    0.16020    0.54519    -0.00275    
34.65840    0.71970    -0.00050    0.16090    0.54715    0.00223    
35.03110    0.72150    -0.00090    0.16230    0.54735    0.00275    
35.40370    0.72270    -0.00030    0.16270    0.54748    0.00367    
35.77640    0.72140    0.00130    0.16150    0.54584    0.00046    
36.14910    0.72200    0.00050    0.16170    0.54761    0.00026    
36.52170    0.72360    0.00030    0.16220    0.54604    -0.00236    
36.89440    0.72250    -0.00020    0.16180    0.54761    -0.00426    
37.26710    0.72450    -0.00110    0.16240    0.54578    -0.00623    
37.63980    0.72440    -0.00250    0.16150    0.54591    -0.00898    
38.01240    0.72600    -0.00390    0.16200    0.54597    -0.00701    
38.38510    0.72490    -0.00450    0.16160    0.54597    -0.00760    
38.75780    0.72520    -0.00400    0.16090    0.54610    -0.00728    
39.13040    0.72690    -0.00460    0.16060    0.54446    -0.00642    
39.50310    0.72540    -0.00590    0.16010    0.54446    -0.01023    
39.87580    0.72720    -0.00630    0.16070    0.54446    -0.01134    
40.24850    0.72750    -0.00690    0.16080    0.54630    -0.00970    
40.62110    0.72820    -0.00920    0.16090    0.54637    -0.01082    
40.99380    0.72810    -0.00910    0.16090    0.54637    -0.00905    
41.36650    0.72810    -0.00910    0.16090    0.54473    -0.01160    
41.73910    0.73130    -0.01080    0.16100    0.54473    -0.01160    
42.11180    0.72890    -0.01130    0.16190    0.54473    -0.00924    
42.48450    0.72840    -0.01190    0.16090    0.54656    -0.01311    
42.85710    0.72870    -0.01250    0.16100    0.54669    -0.00970    
43.22980    0.72740    -0.01180    0.16300    0.54492    -0.01088    
43.60250    0.72930    -0.01160    0.16280    0.54335    -0.01324    
43.97520    0.72960    -0.01220    0.16290    0.54335    -0.01383    
44.34780    0.73030    -0.01300    0.16390    0.54525    -0.01331    
44.72050    0.72870    -0.01280    0.16340    0.54525    -0.01193    
45.09320    0.72700    -0.01330    0.16370    0.54532    -0.01193    
45.46580    0.72650    -0.01340    0.16430    0.54545    -0.01233    
45.83850    0.72880    -0.01440    0.16580    0.54532    -0.01370    
46.21120    0.72910    -0.01500    0.16590    0.54551    -0.01396    
46.58390    0.72930    -0.01510    0.16680    0.54722    -0.01239    
46.95650    0.72630    -0.01470    0.16670    0.54532    -0.01370    
47.32920    0.72700    -0.01430    0.16770    0.54538    -0.01292    
47.70190    0.72900    -0.01520    0.16830    0.54545    -0.01469    
48.07450    0.72600    -0.01480    0.16820    0.54551    -0.01534    
48.44720    0.72660    -0.01560    0.16920    0.54545    -0.01233    
48.81990    0.72650    -0.01630    0.17000    0.54387    -0.01410    
49.19260    0.72570    -0.01630    0.16970    0.54578    -0.01357    
49.56520    0.72510    -0.01750    0.17030    0.54578    -0.01219    
49.93790    0.72390    -0.01750    0.17080    0.54591    -0.01318    
50.31060    0.72350    -0.01750    0.17230    0.54584    -0.01141    
50.68320    0.72390    -0.01820    0.17240    0.54414    -0.01403    
51.05590    0.72350    -0.01880    0.17230    0.54591    -0.01351    
51.42860    0.72260    -0.01960    0.17280    0.54597    -0.01029    
51.80120    0.72390    -0.01980    0.17480    0.54433    -0.01213    
52.17390    0.72340    -0.02120    0.17540    0.54433    -0.01075    
52.54660    0.72360    -0.02130    0.17630    0.54617    -0.00944    
52.91930    0.72120    -0.02170    0.17720    0.54617    -0.00865    
53.29190    0.72160    -0.02110    0.17740    0.54446    -0.00642    
53.66460    0.72140    -0.02040    0.17810    0.54440    -0.01010    
54.03730    0.71860    -0.02010    0.17980    0.54610    -0.00852    
54.40990    0.71710    -0.01850    0.18020    0.54623    -0.00734    
54.78260    0.71620    -0.01780    0.18160    0.54617    -0.00734    
55.15530    0.71360    -0.01680    0.18170    0.54623    -0.00715    
55.52800    0.71410    -0.01470    0.18350    0.54807    -0.00636    
55.90060    0.71330    -0.01280    0.18500    0.54807    -0.00557    
56.27330    0.71270    -0.01260    0.18650    0.54814    -0.00393    
56.64600    0.70960    -0.01090    0.18640    0.54643    -0.00341    
57.01860    0.70790    -0.00920    0.18690    0.54643    -0.00439    
57.39130    0.71000    -0.01010    0.18740    0.54630    -0.00190    
57.76400    0.70700    -0.00780    0.18990    0.54650    -0.00387    
58.13670    0.70680    -0.00830    0.19150    0.54617    -0.00256    
58.50930    0.70730    -0.00900    0.19250    0.53535    -0.00315    
58.88200    0.70600    -0.00970    0.19450    0.49274    -0.00819    
59.25470    0.70710    -0.01110    0.19650    0.46396    -0.01016    
59.62730    0.70330    -0.01090    0.20040    0.47379    -0.01226    
60.00000    0.69130    -0.01060    0.20170    0.51051    -0.00859    
60.37270    0.66910    -0.00640    0.19480    0.53679    0.00138    
60.74530    0.66360    0.00010    0.18250    0.54210    0.00288    
61.11800    0.68410    0.00300    0.18020    0.54401    0.00715    
61.49070    0.70950    0.00420    0.18610    0.54237    0.00446    
61.86330    0.71620    0.00560    0.18790    0.54414    0.00734    
62.23600    0.71760    0.00750    0.18670    0.54597    0.00964    
62.60870    0.71660    0.00620    0.18480    0.54414    0.00439    
62.98140    0.71910    0.00590    0.18220    0.54420    0.00754    
63.35400    0.71910    0.00520    0.17970    0.54584    0.00695    
63.72670    0.72090    0.00420    0.17860    0.54571    0.00236    
64.09940    0.72230    0.00270    0.17730    0.54748    0.00387    
64.47210    0.72320    0.00200    0.17590    0.54394    -0.00039    
64.84470    0.72290    0.00070    0.17420    0.54374    0.00085    
65.21740    0.72320    0.00000    0.17350    0.54374    -0.00295    
65.59010    0.72360    0.00000    0.17200    0.54374    -0.00374    
65.96270    0.72460    -0.00220    0.17060    0.54368    -0.00590    
66.33540    0.72450    -0.00200    0.17060    0.54551    -0.00741    
66.70810    0.72250    -0.00170    0.16830    0.54551    -0.00754    
67.08070    0.72530    -0.00280    0.16830    0.54374    -0.00872    
67.45340    0.72610    -0.00360    0.16690    0.54564    -0.00996    
67.82610    0.72600    -0.00480    0.16600    0.54564    -0.00937    
68.19880    0.72700    -0.00560    0.16550    0.54578    -0.00964    
68.57140    0.72710    -0.00710    0.16470    0.54414    -0.00879    
68.94410    0.72910    -0.00790    0.16530    0.54250    -0.01141    
69.31680    0.72840    -0.00850    0.16430    0.54433    -0.01023    
69.68940    0.72800    -0.00920    0.16330    0.54433    -0.00951    
70.06210    0.72940    -0.00930    0.16290    0.54446    -0.00951    
70.43480    0.72850    -0.01000    0.16340    0.54276    -0.01285    
70.80750    0.72950    -0.01080    0.16290    0.54466    -0.01154    
71.18010    0.72850    -0.01130    0.16340    0.54466    -0.01265    
71.55280    0.72810    -0.01270    0.16400    0.54479    -0.01252    
71.92550    0.73030    -0.01300    0.16390    0.54492    -0.01115    
72.29810    0.72970    -0.01290    0.16450    0.54669    -0.01377    
72.67080    0.72830    -0.01280    0.16490    0.54676    -0.01062    
73.04350    0.72880    -0.01350    0.16500    0.54328    -0.01272    
73.41620    0.72940    -0.01230    0.16440    0.54505    -0.01534    
73.78880    0.72930    -0.01220    0.16440    0.54512    -0.01469    
74.16150    0.72880    -0.01350    0.16500    0.54689    -0.01239    
74.53419    0.72810    -0.01270    0.16400    0.54525    -0.01016    
74.90680    0.72780    -0.01350    0.16390    0.54361    -0.01233    
75.27950    0.72740    -0.01340    0.16540    0.54545    -0.01292    
75.65220    0.72850    -0.01420    0.16490    0.54551    -0.01534    
76.02480    0.72740    -0.01470    0.16540    0.54564    -0.01390    
76.39750    0.72680    -0.01470    0.16600    0.54741    -0.01160    
76.77020    0.72630    -0.01620    0.16580    0.54381    -0.01246    
77.14290    0.72670    -0.01570    0.16600    0.54217    -0.01541    
77.51550    0.72860    -0.01730    0.16730    0.54401    -0.01305    
77.88820    0.72480    -0.01680    0.16700    0.54401    -0.01410    
78.26089    0.72640    -0.01690    0.16750    0.54597    -0.01528    
78.63350    0.72640    -0.01690    0.16750    0.54571    -0.01115    
79.00620    0.72550    -0.01770    0.16800    0.54427    -0.01233    
79.37890    0.72650    -0.01780    0.16910    0.54427    -0.01233    
79.75159    0.72570    -0.01780    0.16890    0.54597    -0.01075    
80.12420    0.72550    -0.01830    0.16960    0.54453    -0.01121    
80.49689    0.72470    -0.01830    0.16940    0.54630    -0.00885    
80.86960    0.72210    -0.01740    0.16940    0.54283    -0.00957    
81.24220    0.72340    -0.01760    0.17140    0.54302    -0.01160    
81.61490    0.72350    -0.01910    0.17140    0.54473    -0.00754    
81.98759    0.72290    -0.01900    0.17200    0.54289    -0.00924    
82.36020    0.72410    -0.01980    0.17240    0.54296    -0.01088    
82.73289    0.72180    -0.02040    0.17330    0.54486    -0.00649    
83.10560    0.72180    -0.01910    0.17330    0.54492    -0.00675    
83.47829    0.71960    -0.01660    0.17270    0.54499    -0.00354    
83.85090    0.71870    -0.01740    0.17330    0.54512    -0.00518    
84.22359    0.71730    -0.01720    0.17370    0.54512    -0.00282    
84.59630    0.71620    -0.01800    0.17330    0.54342    -0.00361    
84.96889    0.71650    -0.01950    0.17420    0.54499    -0.00420    
85.34160    0.71650    -0.02160    0.17500    0.54486    -0.00256    
85.71429    0.71810    -0.02370    0.17710    0.54315    -0.00105    
86.08700    0.71560    -0.02660    0.17890    0.54296    -0.00157    
86.45959    0.70330    -0.02680    0.17540    0.53968    0.00079    
86.83230    0.68550    -0.02150    0.16980    0.52250    -0.00249    
87.20499    0.67060    -0.01650    0.15960    0.48415    -0.00996    
87.57760    0.67130    -0.00870    0.14860    0.45045    -0.01272    
87.95029    0.69040    -0.00170    0.14860    0.42666    -0.01777    
88.32300    0.70560    0.00250    0.15340    0.43321    -0.01508    
88.69569    0.71900    0.00480    0.16010    0.46645    -0.00872    
89.06830    0.71990    0.00490    0.16440    0.50087    -0.00774    
89.44099    0.71900    0.00560    0.16580    0.52899    -0.00144    
89.81370    0.71680    0.00670    0.16520    0.54132    0.00701    
90.18629    0.72070    0.00530    0.16630    0.54138    0.00774    
90.55900    0.72180    0.00180    0.16500    0.54151    0.00826    
90.93169    0.72320    0.00170    0.16460    0.54165    0.00662    
91.30430    0.72550    0.00220    0.16370    0.54165    0.00800    
91.67699    0.72410    -0.00030    0.16320    0.54151    0.00518    
92.04970    0.72500    -0.00310    0.16250    0.54335    0.00256    
92.42239    0.72260    -0.00500    0.16250    0.54335    0.00256    
92.79500    0.72460    -0.00520    0.16150    0.54328    0.00059    
93.16769    0.72670    -0.00620    0.16220    0.54322    -0.00020    
93.54040    0.72670    -0.00620    0.16220    0.54322    -0.00020    
93.91299    0.72870    -0.00630    0.16110    0.54145    -0.00249    
94.28570    0.72680    -0.00600    0.15980    0.54315    -0.00334    
94.65839    0.72750    -0.00830    0.15990    0.54328    -0.00334    
95.03110    0.72840    -0.00760    0.15940    0.54151    -0.00492    
95.40369    0.73020    -0.00640    0.15840    0.54322    -0.00649    
95.77640    0.72970    -0.00770    0.15900    0.54328    -0.00715    
96.14909    0.72980    -0.00790    0.15900    0.54322    -0.00649    
96.52170    0.73110    -0.00870    0.15940    0.54335    -0.00636    
96.89439    0.73170    -0.01010    0.15880    0.54158    -0.00426    
97.26710    0.73200    -0.01010    0.15960    0.53988    -0.01069    
97.63979    0.73260    -0.00940    0.15830    0.54165    -0.00970    
98.01240    0.73290    -0.00950    0.15910    0.54171    -0.00911    
98.38509    0.73140    -0.01080    0.15860    0.54178    -0.00970    
98.75780    0.73460    -0.01120    0.15960    0.54374    -0.00957    
99.13039    0.73250    -0.01020    0.15900    0.54564    -0.01003    
99.50310    0.73330    -0.01110    0.16000    0.54564    -0.01003    
99.87579    0.73440    -0.01260    0.16110    0.54564    -0.00826    
100.24840    0.73510    -0.01350    0.16220    0.54578    -0.01101    
100.62109    0.73320    -0.01400    0.16150    0.54597    -0.01128    
100.99380    0.73300    -0.01250    0.16150    0.54597    -0.00957    
101.36649    0.73340    -0.01400    0.16240    0.54420    -0.00937    
101.73910    0.73280    -0.01530    0.16300    0.54427    -0.01219    
102.11179    0.73080    -0.01510    0.16400    0.54617    -0.01167    
102.48450    0.73030    -0.01580    0.16300    0.54623    -0.01101    
102.85709    0.73160    -0.01600    0.16500    0.54617    -0.00983    
103.22980    0.73160    -0.01600    0.16500    0.54630    -0.01160    
103.60249    0.73160    -0.01600    0.16500    0.54446    -0.01278    
103.97520    0.73060    -0.01650    0.16550    0.54460    -0.01252    
104.34779    0.72970    -0.01720    0.16600    0.54630    -0.01160    
104.72050    0.72970    -0.01720    0.16600    0.54807    -0.01174    
105.09319    0.73000    -0.01740    0.16690    0.54650    -0.01187    
105.46580    0.73010    -0.01950    0.16850    0.54643    -0.01121    
105.83849    0.73010    -0.01950    0.16850    0.54650    -0.01187    
106.21120    0.72880    -0.01940    0.16890    0.54479    -0.01206    
106.58389    0.72830    -0.02210    0.16960    0.54492    -0.01305    
106.95650    0.72760    -0.02280    0.17100    0.54676    -0.01174    
107.32919    0.72740    -0.02340    0.17170    0.54656    -0.00833    
107.70190    0.72740    -0.02440    0.17250    0.54512    -0.01016    
108.07449    0.72620    -0.02340    0.17300    0.54676    -0.00793    
108.44720    0.72650    -0.02360    0.17390    0.54335    -0.00970    
108.81989    0.72560    -0.02430    0.17440    0.54519    -0.01219    
109.19250    0.72610    -0.02360    0.17540    0.54715    -0.00944    
109.56519    0.72410    -0.02270    0.17480    0.54538    -0.00787    
109.93790    0.72370    -0.02270    0.17630    0.54715    -0.00793    
110.31059    0.72040    -0.02160    0.17700    0.54741    -0.00433    
110.68320    0.72150    -0.02100    0.17730    0.54571    -0.00452    
111.05589    0.71950    -0.02080    0.17840    0.54604    -0.00570    
111.42860    0.71870    -0.02020    0.17980    0.54617    -0.00111    
111.80119    0.71620    -0.01920    0.18070    0.54663    -0.00190    
112.17390    0.71660    -0.02080    0.18160    0.54512    -0.00190    
112.54659    0.71390    -0.02060    0.18340    0.54709    -0.00236    
112.91930    0.71380    -0.02200    0.18580    0.54578    -0.00026    
113.29189    0.71190    -0.02260    0.18930    0.54571    0.00315    
113.66460    0.71340    -0.02780    0.19380    0.54604    0.00459    
114.03729    0.71210    -0.03120    0.20000    0.54479    0.00328    
114.40990    0.71110    -0.02850    0.20790    0.54210    0.00229    
114.78259    0.70490    -0.02610    0.21050    0.52617    -0.00151    
115.15530    0.68980    -0.01770    0.20470    0.49929    -0.00970    
115.52800    0.67960    -0.00640    0.19410    0.46966    -0.01311    
115.90060    0.67550    0.00690    0.18400    0.46009    -0.01167    
116.27329    0.68040    0.01510    0.17790    0.48271    -0.00780    
116.64600    0.70090    0.01820    0.17350    0.52001    -0.00197    
117.01859    0.71400    0.01900    0.17720    0.53752    0.00361    
117.39130    0.71840    0.01700    0.17830    0.54289    0.01049    
117.76400    0.71930    0.01690    0.17940    0.54322    0.01062    
118.13660    0.72100    0.01470    0.17740    0.54342    0.01298    
118.50929    0.72250    0.00980    0.17600    0.54368    0.01482    
118.88200    0.72260    0.00770    0.17350    0.54564    0.01252    
119.25470    0.72320    0.00560    0.17370    0.54571    0.01291    
119.62730    0.72560    0.00410    0.17030    0.54591    0.01121    
120.00000    0.72560    0.00270    0.16940    0.54414    0.00892    
120.37270    0.72650    0.00190    0.16800    0.54250    0.00629    
120.74529    0.72850    0.00170    0.16700    0.54433    0.00374    
121.11800    0.72940    0.00100    0.16560    0.54433    0.00308    
121.49070    0.72980    0.00020    0.16580    0.54623    0.00361    
121.86340    0.73040    -0.00120    0.16430    0.54617    0.00046    
122.23599    0.72900    -0.00150    0.16300    0.54610    -0.00406    
122.60870    0.73000    -0.00230    0.16250    0.54597    -0.00656    
122.98140    0.73140    -0.00330    0.16290    0.54597    -0.00892    
123.35400    0.73030    -0.00390    0.16250    0.54617    -0.00793    
123.72670    0.73260    -0.00470    0.16160    0.54440    -0.00846    
124.09940    0.73170    -0.00540    0.16210    0.54440    -0.01088    
124.47199    0.73190    -0.00680    0.16210    0.54453    -0.01016    
124.84470    0.73090    -0.00730    0.16260    0.54460    -0.01128    
125.21740    0.73040    -0.00860    0.16330    0.54643    -0.01075    
125.59010    0.73030    -0.00870    0.16240    0.54650    -0.01134    
125.96270    0.73230    -0.01170    0.16380    0.54486    -0.01154    
126.33540    0.73280    -0.01110    0.16480    0.54479    -0.01088    
126.70810    0.73140    -0.01310    0.16590    0.54315    -0.01246    
127.08070    0.73240    -0.01370    0.16540    0.54328    -0.01528    
127.45340    0.73220    -0.01530    0.16690    0.54525    -0.01455    
127.82610    0.73030    -0.01510    0.16790    0.54519    -0.01226    
128.19879    0.73090    -0.01590    0.16890    0.54525    -0.01154    
128.57140    0.73110    -0.01590    0.16980    0.54538    -0.01436    
128.94409    0.73060    -0.01730    0.17040    0.54545    -0.01429    
129.31679    0.72930    -0.01630    0.17000    0.54545    -0.01429    
129.68939    0.72910    -0.01720    0.16990    0.54564    -0.01396    
130.06209    0.73090    -0.01750    0.17130    0.54387    -0.01442    
130.43480    0.73250    -0.01760    0.17180    0.54564    -0.01455    
130.80739    0.72990    -0.01800    0.17180    0.54401    -0.01272    
131.18010    0.72810    -0.01840    0.17200    0.54401    -0.01514    
131.55280    0.72740    -0.01850    0.17180    0.54591    -0.01357    
131.92549    0.72830    -0.01840    0.17290    0.54597    -0.01278    
132.29810    0.72790    -0.01910    0.17280    0.54584    -0.01416    
132.67079    0.72600    -0.01900    0.17380    0.54604    -0.01455    
133.04349    0.72600    -0.01900    0.17380    0.54597    -0.01521    
133.41620    0.72660    -0.01980    0.17480    0.54610    -0.01482    
133.78879    0.72520    -0.01970    0.17520    0.54617    -0.01410    
134.16150    0.72420    -0.01890    0.17580    0.54610    -0.01482    
134.53419    0.72480    -0.01840    0.17670    0.54781    -0.01324    
134.90680    0.72440    -0.01960    0.17820    0.54610    -0.01344    
135.27950    0.72410    -0.01900    0.17810    0.54604    -0.01305    
135.65219    0.72300    -0.01820    0.17870    0.54610    -0.01449    
136.02480    0.72210    -0.01890    0.17920    0.54604    -0.01410    
136.39749    0.72320    -0.01830    0.17950    0.54610    -0.00970    
136.77019    0.72120    -0.01810    0.18060    0.54433    -0.01187    
137.14290    0.71890    -0.01650    0.18080    0.54604    -0.01134    
137.51549    0.71840    -0.01570    0.18070    0.54591    -0.01036    
137.88820    0.71740    -0.01290    0.18040    0.54597    -0.01141    
138.26089    0.71340    -0.01180    0.18090    0.54755    -0.00747    
138.63350    0.71280    -0.01030    0.18240    0.54584    -0.01029    
139.00620    0.71090    -0.01020    0.18440    0.54591    -0.00918    
139.37889    0.70840    -0.00770    0.18290    0.54774    -0.00544    
139.75159    0.70750    -0.00830    0.18350    0.54604    -0.00420    
140.12419    0.70830    -0.00780    0.18530    0.54420    -0.00479    
140.49689    0.70890    -0.00860    0.18630    0.54623    -0.00308    
140.86960    0.70820    -0.00850    0.18700    0.54597    0.00072    
141.24219    0.70780    -0.00840    0.18850    0.54564    0.00046    
141.61490    0.70840    -0.00920    0.18950    0.54401    -0.00111    
141.98759    0.71000    -0.00860    0.19240    0.53070    -0.00138    
142.36020    0.70800    -0.00970    0.19340    0.50185    -0.00557    
142.73289    0.70720    -0.01020    0.19570    0.46455    -0.00977    
143.10559    0.70160    -0.01050    0.19680    0.44423    -0.01462    
143.47829    0.68400    -0.00930    0.19170    0.44698    -0.01429    
143.85089    0.67020    -0.00320    0.18240    0.47628    -0.00892    
144.22359    0.68270    -0.00220    0.17970    0.51129    -0.00433    
144.59630    0.70440    -0.00230    0.18370    0.53437    0.00577    
144.96889    0.71450    -0.00110    0.18720    0.54342    0.00905    
145.34160    0.71460    0.00170    0.18570    0.54722    0.01174    
145.71429    0.71790    0.00210    0.18580    0.54735    0.01187    
146.08699    0.71720    0.00360    0.18330    0.54748    0.01082    
146.45959    0.71780    0.00340    0.18180    0.54564    0.01088    
146.83229    0.71910    0.00390    0.17970    0.54564    0.00465    
147.20499    0.72050    0.00160    0.17920    0.54564    0.00465    
147.57759    0.71980    0.00100    0.17740    0.54571    0.00531    
147.95029    0.72290    0.00000    0.17580    0.54387    0.00157    
148.32300    0.72080    -0.00100    0.17600    0.54564    -0.00007    
148.69559    0.72240    -0.00200    0.17400    0.54551    0.00098    
149.06830    0.72380    -0.00210    0.17360    0.54545    -0.00039    
149.44099    0.72250    -0.00390    0.17230    0.54702    -0.00341    
149.81369    0.72370    -0.00480    0.17180    0.54361    -0.00170    
150.18629    0.72400    -0.00540    0.17190    0.54368    -0.00347    
150.55899    0.72460    -0.00690    0.17040    0.54374    -0.00590    
150.93169    0.72390    -0.00610    0.16950    0.54368    -0.00669    
151.30440    0.72550    -0.00770    0.16910    0.54374    -0.00669    
151.67699    0.72660    -0.00850    0.16860    0.54532    -0.00865    
152.04970    0.72680    -0.00850    0.16620    0.54715    -0.00806    
152.42239    0.72690    -0.00860    0.16620    0.54538    -0.00859    
152.79500    0.72820    -0.00860    0.16580    0.54538    -0.00859    
153.16769    0.72720    -0.00920    0.16630    0.54551    -0.00898    
153.54039    0.72780    -0.00930    0.16570    0.54551    -0.00964    
153.91299    0.72880    -0.00990    0.16520    0.54564    -0.00964    
154.28569    0.72770    -0.01050    0.16480    0.54741    -0.01042    
154.65839    0.72780    -0.01070    0.16480    0.54591    -0.01023    
155.03110    0.72730    -0.00990    0.16470    0.54604    -0.01200    
155.40369    0.72840    -0.01070    0.16420    0.54610    -0.01128    
155.77640    0.72690    -0.01130    0.16530    0.54617    -0.00983    
156.14909    0.72760    -0.01060    0.16390    0.54794    -0.01069    
156.52170    0.72760    -0.01060    0.16390    0.54637    -0.01088    
156.89439    0.72650    -0.01110    0.16440    0.54637    -0.01160    
157.26709    0.72670    -0.01120    0.16440    0.54643    -0.01265    
157.63979    0.72700    -0.01270    0.16530    0.54650    -0.01187    
158.01239    0.72680    -0.01270    0.16440    0.54650    -0.01200    
158.38509    0.72580    -0.01320    0.16490    0.54650    -0.01324    
158.75780    0.72700    -0.01400    0.16530    0.54656    -0.01259    
159.13039    0.72480    -0.01380    0.16540    0.54656    -0.01259    
159.50310    0.72520    -0.01400    0.16630    0.54827    -0.01344    
159.87579    0.72460    -0.01470    0.16530    0.54656    -0.01259    
160.24840    0.72590    -0.01490    0.16740    0.54669    -0.01357    
160.62109    0.72630    -0.01560    0.16750    0.54669    -0.01108    
160.99379    0.72470    -0.01540    0.16700    0.54492    -0.01337    
161.36649    0.72470    -0.01540    0.16700    0.54512    -0.01239    
161.73909    0.72400    -0.01610    0.16840    0.54682    -0.00944    
162.11179    0.72440    -0.01680    0.16850    0.54505    -0.01160    
162.48450    0.72140    -0.01640    0.16840    0.54525    -0.01265    
162.85709    0.72190    -0.01580    0.16940    0.54532    -0.01049    
163.22980    0.72190    -0.01730    0.16850    0.54735    -0.00715    
163.60249    0.72200    -0.01590    0.16940    0.54564    -0.00996    
163.97519    0.72360    -0.01670    0.17150    0.54748    -0.00879    
164.34779    0.72060    -0.01780    0.17140    0.54748    -0.00879    
164.72049    0.71860    -0.01700    0.17080    0.54748    -0.00498    
165.09319    0.72030    -0.01800    0.17300    0.54564    -0.00715    
165.46579    0.72180    -0.01790    0.17340    0.54578    -0.00498    
165.83849    0.71770    -0.01830    0.17300    0.54755    -0.00446    
166.21120    0.71960    -0.01870    0.17440    0.54564    -0.00505    
166.58379    0.71910    -0.02000    0.17500    0.54564    -0.00262    
166.95650    0.71970    -0.02080    0.17600    0.54728    -0.00170    
167.32919    0.71880    -0.02150    0.17650    0.54558    -0.00328    
167.70189    0.71790    -0.02070    0.17790    0.54532    -0.00302    
168.07449    0.71700    -0.02130    0.17850    0.54564    0.00131    
168.44719    0.71270    -0.01870    0.17890    0.54545    0.00157    
168.81989    0.71080    -0.01660    0.17930    0.54512    0.00282    
169.19260    0.70990    -0.01850    0.18390    0.54505    0.00203    
169.56519    0.70660    -0.01970    0.18640    0.53607    0.00131    
169.93790    0.69300    -0.01630    0.18460    0.51516    -0.00498    
170.31059    0.67290    -0.00760    0.17870    0.47956    -0.00715    
170.68320    0.66030    -0.00560    0.16750    0.44573    -0.01292    
171.05589    0.67390    -0.00600    0.16510    0.42056    -0.01606    
171.42859    0.69580    -0.00530    0.16460    0.42200    -0.01488    
171.80119    0.71160    -0.00670    0.16990    0.45183    -0.01016    
172.17389    0.71720    -0.00670    0.17230    0.49077    -0.00426    
172.54659    0.71730    -0.00480    0.17160    0.52585    0.00426    
172.91930    0.71700    -0.00460    0.17070    0.54335    0.00701    
173.29189    0.71880    -0.00350    0.16880    0.54682    0.00885    
173.66460    0.72180    -0.00530    0.16800    0.54656    0.00256    
174.03729    0.72340    -0.00540    0.16850    0.54630    0.00085    
174.40990    0.72420    -0.00620    0.16710    0.54623    -0.00131    
174.78259    0.72300    -0.00590    0.16510    0.54794    -0.00288    
175.15529    0.72460    -0.00670    0.16390    0.54623    -0.00131    
175.52800    0.72510    -0.00660    0.16330    0.54630    -0.00308    
175.90059    0.72260    -0.00710    0.16330    0.54637    -0.00308    
176.27328    0.72300    -0.00710    0.16180    0.54650    -0.00269    
176.64600    0.72560    -0.00800    0.16180    0.54656    -0.00446    
177.01859    0.72590    -0.00870    0.16100    0.54663    -0.00269    
177.39130    0.72570    -0.00960    0.16090    0.54669    -0.00433    
177.76399    0.72700    -0.00960    0.16050    0.54682    -0.00295    
178.13660    0.72740    -0.00960    0.15900    0.54669    -0.00446    
178.50929    0.72850    -0.01110    0.16010    0.54866    -0.00492    
178.88199    0.72830    -0.01110    0.15920    0.54866    -0.00629    
179.25470    0.72670    -0.01220    0.15870    0.54676    -0.00511    
179.62729    0.72730    -0.01230    0.15810    0.54689    -0.00610    
180.00000    0.73010    -0.01280    0.15980    0.54689    -0.00610    
180.37270    0.73100    -0.01340    0.15920    0.54532    -0.00806    
180.74529    0.72930    -0.01470    0.15790    0.54551    -0.00826    
181.11800    0.72800    -0.01460    0.15830    0.54545    -0.00767    
181.49069    0.73060    -0.01420    0.15830    0.54728    -0.00774    
181.86339    0.73060    -0.01420    0.15830    0.54741    -0.00393    
182.23599    0.73010    -0.01560    0.15890    0.54545    -0.00767    
182.60869    0.72950    -0.01470    0.15880    0.54755    -0.00734    
182.98140    0.73010    -0.01690    0.15890    0.54938    -0.00623    
183.35399    0.72930    -0.01620    0.16030    0.54761    -0.00675    
183.72670    0.72770    -0.01600    0.15980    0.54768    -0.00597    
184.09940    0.72840    -0.01680    0.16080    0.54768    -0.00701    
184.47198    0.72790    -0.01820    0.16140    0.54787    -0.00629    
184.84470    0.72880    -0.01980    0.16160    0.54617    -0.00787    
185.21739    0.72900    -0.01910    0.16090    0.54787    -0.00767    
185.59009    0.73010    -0.02060    0.16200    0.54787    -0.00767    
185.96269    0.72960    -0.02070    0.16270    0.54801    -0.00597    
186.33539    0.72860    -0.02040    0.16240    0.54801    -0.00734    
186.70810    0.72900    -0.02190    0.16330    0.54801    -0.00597    
187.08069    0.72700    -0.02180    0.16430    0.54637    -0.00918    
187.45340    0.72780    -0.02270    0.16530    0.54814    -0.00623    
187.82610    0.72730    -0.02330    0.16520    0.54814    -0.00623    
188.19879    0.72800    -0.02270    0.16620    0.54827    -0.00472    
188.57140    0.72750    -0.02410    0.16680    0.54663    -0.00564    
188.94409    0.72770    -0.02420    0.16770    0.54663    -0.00426    
189.31679    0.72650    -0.02480    0.16730    0.54486    -0.00583    
189.68939    0.72700    -0.02490    0.16910    0.54669    -0.00347    
190.06209    0.72600    -0.02550    0.16960    0.54682    -0.00446    
190.43480    0.72500    -0.02470    0.17010    0.54682    -0.00308    
190.80739    0.72640    -0.02630    0.16970    0.54702    -0.00413    
191.18010    0.72500    -0.02610    0.17010    0.54702    -0.00269    
191.55280    0.72280    -0.02590    0.17030    0.54702    -0.00033    
191.92549    0.72340    -0.02670    0.17130    0.54682    -0.00236    
192.29810    0.72300    -0.02590    0.17120    0.54696    -0.00236    
192.67079    0.72360    -0.02540    0.17220    0.54676    -0.00164    
193.04349    0.72120    -0.02510    0.17150    0.54846    -0.00007    
193.41620    0.72170    -0.02520    0.17320    0.54859    -0.00033    
193.78879    0.72280    -0.02460    0.17360    0.54859    0.00170    
194.16150    0.72020    -0.02370    0.17360    0.54840    0.00105    
194.53419    0.71910    -0.02290    0.17410    0.54997    0.00203    
194.90680    0.71860    -0.02070    0.17400    0.54637    0.00551    
195.27950    0.71660    -0.01990    0.17340    0.54591    0.00400    
195.65219    0.71390    -0.01740    0.17440    0.54728    0.00138    
196.02480    0.71390    -0.01740    0.17440    0.54879    0.00459    
196.39749    0.71280    -0.01660    0.17490    0.54289    0.00256    
196.77019    0.71440    -0.01740    0.17700    0.51772    -0.00144    
197.14290    0.71190    -0.01880    0.17880    0.49077    -0.00597    
197.51549    0.69940    -0.02100    0.18040    0.50500    -0.00452    
197.88820    0.67680    -0.01910    0.17520    0.51916    -0.00033    
198.26089    0.65910    -0.01540    0.16340    0.53673    0.00387    
198.63350    0.67410    -0.01720    0.15620    0.53673    0.00406    
199.00620    0.70140    -0.01840    0.16170    0.54348    0.00603    
199.37889    0.71920    -0.01700    0.16690    0.54525    0.00551    
199.75159    0.72050    -0.01350    0.16900    0.54545    0.00878    
200.12419    0.72150    -0.00940    0.16860    0.54394    0.01062    
200.49689    0.72230    -0.00600    0.16810    0.54414    0.01442    
200.86960    0.72250    -0.00610    0.16900    0.54387    0.01095    
201.24219    0.72620    -0.00640    0.16930    0.54558    0.00852    
201.61490    0.72550    -0.00770    0.16910    0.54715    0.00990    
201.98759    0.72500    -0.00690    0.16890    0.54342    0.00531    
202.36020    0.72510    -0.00700    0.16900    0.54525    0.00302    
202.73289    0.72490    -0.00820    0.16810    0.54525    0.00465    
203.10559    0.72580    -0.00760    0.16760    0.54538    0.00361    
203.47829    0.72560    -0.00760    0.16670    0.54525    0.00111    
203.85089    0.72730    -0.00910    0.16720    0.54348    0.00059    
204.22359    0.72760    -0.00840    0.16730    0.54355    -0.00052    
204.59630    0.72570    -0.00880    0.16670    0.54545    -0.00066    
204.96889    0.72770    -0.00910    0.16570    0.54551    0.00000    
205.34160    0.72740    -0.00890    0.16480    0.54217    -0.00249    
205.71429    0.72700    -0.01030    0.16540    0.54387    -0.00197    
206.08699    0.72810    -0.01120    0.16490    0.54414    -0.00164    
206.45959    0.72740    -0.01030    0.16390    0.54420    -0.00164    
206.83229    0.72640    -0.01100    0.16440    0.54427    -0.00085    
207.20499    0.72690    -0.01170    0.16450    0.54269    -0.00144    
207.57759    0.72790    -0.01250    0.16400    0.54460    -0.00151    
207.95029    0.72950    -0.01260    0.16450    0.54289    -0.00243    
208.32300    0.72760    -0.01320    0.16390    0.54473    -0.00262    
208.69559    0.72760    -0.01320    0.16390    0.54492    -0.00151    
209.06830    0.72900    -0.01330    0.16350    0.54492    -0.00256    
209.44099    0.72700    -0.01440    0.16450    0.54315    -0.00203    
209.81369    0.72840    -0.01410    0.16490    0.54519    -0.00295    
210.18629    0.72740    -0.01380    0.16460    0.54348    -0.00315    
210.55899    0.72890    -0.01340    0.16590    0.54348    -0.00341    
210.93169    0.72920    -0.01330    0.16440    0.54348    -0.00479    
211.30440    0.72840    -0.01410    0.16490    0.54361    -0.00446    
211.67699    0.72900    -0.01490    0.16590    0.54545    -0.00505    
212.04970    0.72940    -0.01560    0.16600    0.54381    -0.00479    
212.42239    0.72810    -0.01550    0.16640    0.54571    -0.00669    
212.79500    0.72720    -0.01620    0.16690    0.54748    -0.00551    
213.16769    0.72810    -0.01620    0.16800    0.54584    -0.00492    
213.54039    0.72720    -0.01690    0.16850    0.54597    -0.00354    
213.91299    0.72750    -0.01840    0.16940    0.54427    -0.00433    
214.28569    0.72730    -0.01900    0.17020    0.54617    -0.00616    
214.65839    0.72730    -0.01900    0.17020    0.54617    -0.00616    
215.03110    0.72500    -0.01940    0.17110    0.54630    -0.00341    
215.40369    0.72530    -0.01960    0.17200    0.54827    -0.00452    
215.77640    0.72570    -0.01900    0.17210    0.54643    -0.00328    
216.14909    0.72600    -0.02050    0.17300    0.54656    -0.00472    
216.52170    0.72620    -0.02060    0.17390    0.54656    -0.00472    
216.89439    0.72390    -0.02020    0.17400    0.54663    -0.00393    
217.26709    0.72490    -0.01980    0.17680    0.54656    -0.00472    
217.63979    0.72380    -0.02040    0.17640    0.54696    -0.00459    
218.01239    0.72440    -0.02120    0.17740    0.54676    -0.00249    
218.38509    0.72260    -0.02110    0.17930    0.54866    -0.00302    
218.75780    0.72310    -0.02180    0.17940    0.54689    -0.00039    
219.13039    0.72110    -0.02090    0.17890    0.54689    -0.00282    
219.50310    0.72140    -0.02180    0.18140    0.54702    -0.00243    
219.87579    0.72140    -0.02170    0.18220    0.54702    0.00013    
220.24840    0.72090    -0.02180    0.18290    0.54551    0.00020    
220.62109    0.72040    -0.02090    0.18270    0.54538    -0.00111    
220.99379    0.71840    -0.02070    0.18380    0.54564    0.00007    
221.36649    0.71410    -0.01810    0.18430    0.54584    0.00059    
221.73909    0.71420    -0.01830    0.18430    0.54578    0.00374    
222.11179    0.71280    -0.01680    0.18560    0.54591    0.00111    
222.48450    0.71190    -0.01610    0.18610    0.54801    0.00413    
222.85709    0.70960    -0.01720    0.18630    0.54630    0.00511    
223.22980    0.70860    -0.01500    0.18770    0.54820    0.00544    
223.60249    0.70970    -0.01500    0.18970    0.54807    0.00787    
223.97519    0.70820    -0.01350    0.19010    0.54702    0.00774    
224.34779    0.70770    -0.01470    0.19160    0.54545    0.00839    
224.72049    0.70670    -0.01470    0.19380    0.53830    0.00642    
225.09319    0.70870    -0.01630    0.19600    0.50762    -0.00007    
225.46579    0.70760    -0.01680    0.19650    0.47497    -0.00170    
225.83849    0.70250    -0.01510    0.19860    0.44895    -0.00787    
226.21120    0.68600    -0.01280    0.19460    0.45124    -0.01410    
226.58379    0.67350    -0.00700    0.18310    0.47137    -0.01108    
226.95650    0.68760    -0.00190    0.17840    0.51457    -0.00583    
227.32919    0.70840    0.00120    0.18160    0.53732    -0.00013    
227.70189    0.71450    0.00250    0.18410    0.54283    0.00485    
228.07449    0.71420    0.00470    0.18160    0.54492    0.00642    
228.44719    0.71540    0.00570    0.18030    0.54519    0.00885    
228.81989    0.71860    0.00590    0.17960    0.54545    0.01055    
229.19260    0.71750    0.00480    0.17770    0.54387    0.01174    
229.56519    0.71750    0.00340    0.17680    0.54394    0.00892    
229.93790    0.71980    0.00260    0.17500    0.54407    0.00970    
230.31059    0.72100    0.00040    0.17450    0.54414    0.00787    
230.68320    0.72070    -0.00080    0.17270    0.54243    0.00393    
231.05589    0.72010    -0.00150    0.17090    0.54414    0.00413    
231.42859    0.72190    -0.00170    0.16900    0.54420    0.00236    
231.80119    0.72360    -0.00250    0.16780    0.54407    0.00197    
232.17389    0.72460    -0.00340    0.16640    0.54420    -0.00144    
232.54659    0.72330    -0.00380    0.16610    0.54597    -0.00125    
232.91930    0.72560    -0.00560    0.16510    0.54584    -0.00098    
233.29189    0.72430    -0.00600    0.16470    0.54420    -0.00295    
233.66460    0.72610    -0.00680    0.16440    0.54433    -0.00262    
234.03729    0.72570    -0.00760    0.16340    0.54610    -0.00302    
234.40990    0.72680    -0.00840    0.16290    0.54440    -0.00597    
234.78259    0.72560    -0.00750    0.16340    0.54610    -0.00439    
235.15529    0.72750    -0.00900    0.16150    0.54623    -0.00479    
235.52800    0.72590    -0.00810    0.16260    0.54623    -0.00420    
235.90059    0.72660    -0.00960    0.16200    0.54460    -0.00675    
236.27328    0.72720    -0.00910    0.16300    0.54643    -0.00623    
236.64600    0.72830    -0.00860    0.16250    0.54656    -0.00721    
237.01859    0.72720    -0.00910    0.16300    0.54669    -0.00688    
237.39130    0.72720    -0.00910    0.16300    0.54676    -0.00511    
237.76399    0.72560    -0.00880    0.16250    0.54689    -0.00852    
238.13660    0.72720    -0.00910    0.16300    0.54702    -0.00675    
238.50929    0.72570    -0.01030    0.16250    0.54702    -0.00813    
238.88199    0.72470    -0.00950    0.16300    0.54702    -0.00577    
239.25470    0.72430    -0.01020    0.16290    0.54715    -0.00780    
239.62729    0.72680    -0.01050    0.16370    0.54545    -0.00833    
240.00000    0.72460    -0.01080    0.16220    0.54387    -0.00806    
240.37270    0.72750    -0.01220    0.16220    0.54564    -0.00990    
240.74529    0.72590    -0.01330    0.16170    0.54387    -0.00793    
241.11800    0.72650    -0.01280    0.16270    0.54394    -0.00833    
241.49069    0.72510    -0.01410    0.16220    0.54394    -0.00970    
241.86339    0.72670    -0.01430    0.16270    0.54584    -0.01016    
242.23599    0.72560    -0.01350    0.16320    0.54407    -0.00931    
242.60869    0.72680    -0.01570    0.16270    0.54584    -0.01016    
242.98140    0.72430    -0.01620    0.16270    0.54584    -0.01016    
243.35399    0.72530    -0.01630    0.16390    0.54768    -0.00957    
243.72670    0.72540    -0.01770    0.16390    0.54584    -0.01016    
244.09940    0.72450    -0.01840    0.16440    0.54407    -0.01069    
244.47198    0.72340    -0.01890    0.16490    0.54420    -0.00970    
244.84470    0.72260    -0.01970    0.16540    0.54420    -0.01167    
245.21739    0.72320    -0.01980    0.16480    0.54420    -0.00957    
245.59009    0.72250    -0.02050    0.16620    0.54591    -0.00937    
245.96269    0.72240    -0.02030    0.16620    0.54591    -0.00800    
246.33539    0.72150    -0.01970    0.16670    0.54420    -0.01062    
246.70810    0.71970    -0.01860    0.16780    0.54420    -0.00806    
247.08069    0.71980    -0.02010    0.16780    0.54604    -0.00813    
247.45340    0.71960    -0.02100    0.16770    0.54433    -0.00695    
247.82610    0.71970    -0.01960    0.16860    0.54617    -0.00701    
248.19879    0.71850    -0.01860    0.16910    0.54440    -0.00780    
248.57140    0.71600    -0.01920    0.16920    0.54440    -0.00577    
248.94409    0.71590    -0.01770    0.16920    0.54427    -0.00400    
249.31679    0.71450    -0.01760    0.16960    0.54250    -0.00715    
249.68939    0.71330    -0.01670    0.17010    0.54433    -0.00649    
250.06209    0.71190    -0.01670    0.16960    0.54453    -0.00465    
250.43480    0.71050    -0.01660    0.17000    0.54453    -0.00203    
250.80739    0.71050    -0.01730    0.17170    0.54466    -0.00223    
251.18010    0.70860    -0.01790    0.17110    0.54650    -0.00269    
251.55280    0.71000    -0.01960    0.17310    0.54460    -0.00013    
251.92549    0.71030    -0.02180    0.17570    0.54263    -0.00079    
252.29810    0.71150    -0.02480    0.17680    0.54230    -0.00256    
252.67079    0.71010    -0.02750    0.18050    0.53155    -0.00367    
253.04349    0.70830    -0.02910    0.18580    0.49582    -0.00924    
253.41620    0.69620    -0.02640    0.18610    0.47563    -0.01193    
253.78879    0.67150    -0.01650    0.17550    0.49792    -0.01108    
254.16150    0.66110    -0.00710    0.16680    0.52768    -0.00583    
254.53419    0.65670    0.00270    0.15870    0.54158    0.00157    
254.90680    0.67210    0.01020    0.15630    0.54342    0.00203    
255.27950    0.69400    0.01390    0.15950    0.54355    0.00590    
255.65219    0.71040    0.01740    0.16280    0.54184    0.00354    
256.02478    0.71360    0.01850    0.16460    0.54374    0.00544    
256.39749    0.71530    0.01690    0.16420    0.54361    0.00328    
256.77017    0.71620    0.01190    0.16350    0.54361    0.00557    
257.14288    0.71820    0.01170    0.16240    0.54348    0.00439    
257.51547    0.71750    0.00990    0.16060    0.54538    0.00328    
257.88818    0.71950    0.00890    0.16030    0.54361    0.00033    
258.26089    0.72030    0.00620    0.15970    0.54355    -0.00125    
258.63348    0.71870    0.00500    0.15830    0.54184    -0.00282    
259.00620    0.72110    0.00410    0.15740    0.54348    -0.00721    
259.37888    0.72150    0.00200    0.15660    0.54361    -0.00964    
259.75159    0.72210    -0.00010    0.15680    0.54525    -0.00885    
260.12418    0.72170    0.00000    0.15500    0.54355    -0.01101    
260.49689    0.72270    -0.00170    0.15530    0.54532    -0.00885    
260.86960    0.72450    -0.00250    0.15500    0.54374    -0.00911    
261.24219    0.72470    -0.00390    0.15500    0.54368    -0.01226    
261.61490    0.72310    -0.00380    0.15450    0.54374    -0.01147    
261.98758    0.72610    -0.00410    0.15470    0.54387    -0.01331    
262.36029    0.72460    -0.00530    0.15410    0.54394    -0.01193    
262.73288    0.72600    -0.00400    0.15460    0.54401    -0.01357    
263.10559    0.72570    -0.00680    0.15530    0.54230    -0.01292    
263.47827    0.72530    -0.00610    0.15510    0.54414    -0.01436    
263.85089    0.72570    -0.00680    0.15530    0.54414    -0.01377    
264.22357    0.72570    -0.00680    0.15530    0.54433    -0.01278    
264.59628    0.72490    -0.00810    0.15410    0.54250    -0.01390    
264.96887    0.72690    -0.00770    0.15480    0.54079    -0.01488    
265.34158    0.72470    -0.00880    0.15490    0.54269    -0.01613    
265.71429    0.72640    -0.01040    0.15540    0.54269    -0.01613    
266.08688    0.72640    -0.01040    0.15540    0.54283    -0.01600    
266.45959    0.72380    -0.01070    0.15540    0.54302    -0.01501    
266.83228    0.72440    -0.01160    0.15550    0.54309    -0.01600    
267.20499    0.72500    -0.01240    0.15650    0.54315    -0.01423    
267.57758    0.72660    -0.01400    0.15610    0.54328    -0.01521    
267.95029    0.72620    -0.01460    0.15600    0.54335    -0.01698    
268.32300    0.72360    -0.01500    0.15600    0.54342    -0.01626    
268.69559    0.72470    -0.01520    0.15710    0.54348    -0.01488    
269.06830    0.72290    -0.01570    0.15740    0.54191    -0.01744    
269.44098    0.72300    -0.01720    0.15740    0.54355    -0.01587    
269.81369    0.72200    -0.01640    0.15790    0.54178    -0.01514    
270.18628    0.72150    -0.01490    0.15940    0.54348    -0.01488    
270.55899    0.72260    -0.01580    0.15890    0.53994    -0.01632    
270.93167    0.72030    -0.01770    0.15980    0.54197    -0.01678    
271.30438    0.72150    -0.01650    0.16190    0.54191    -0.01501    
271.67697    0.72100    -0.01720    0.16080    0.54191    -0.01501    
272.04968    0.72150    -0.01940    0.16100    0.54197    -0.01783    
272.42239    0.72010    -0.01920    0.16130    0.54197    -0.01541    
272.79498    0.72040    -0.01940    0.16230    0.54197    -0.01403    
273.16769    0.71870    -0.01980    0.16340    0.54204    -0.01331    
273.54037    0.71920    -0.02150    0.16430    0.54217    -0.01429    
273.91309    0.71960    -0.02220    0.16440    0.54381    -0.01416    
274.28568    0.71920    -0.02220    0.16590    0.54204    -0.01429    
274.65839    0.71890    -0.02360    0.16750    0.54230    -0.01455    
275.03110    0.71830    -0.02420    0.16640    0.54394    -0.01364    
275.40369    0.71830    -0.02450    0.16890    0.54210    -0.01278    
275.77640    0.71850    -0.02450    0.16980    0.54394    -0.01403    
276.14908    0.71680    -0.02500    0.17090    0.54387    -0.01364    
276.52170    0.71560    -0.02500    0.17220    0.54401    -0.01088    
276.89438    0.71630    -0.02440    0.17320    0.54394    -0.01147    
277.26709    0.71470    -0.02140    0.17370    0.54381    -0.01049    
277.63968    0.71330    -0.02200    0.17570    0.54564    -0.00918    
278.01239    0.71400    -0.02140    0.17760    0.54394    -0.01075    
278.38507    0.71080    -0.02030    0.17920    0.54558    -0.00996    
278.75778    0.70990    -0.01680    0.18060    0.54571    -0.01082    
279.13037    0.70920    -0.01380    0.18300    0.54564    -0.00538    
279.50308    0.70570    -0.01190    0.18530    0.54571    -0.00472    
279.87579    0.70260    -0.00810    0.18870    0.54355    -0.00603    
280.24838    0.70410    -0.00960    0.19240    0.54302    -0.00524    
280.62109    0.70550    -0.01190    0.19600    0.53581    -0.01010    
280.99377    0.70590    -0.01470    0.20180    0.50572    -0.01324    
281.36649    0.70330    -0.01430    0.20520    0.46160    -0.01796    
281.73907    0.69930    -0.01190    0.20760    0.44350    -0.01823    
282.11179    0.69760    -0.01230    0.21370    0.47130    -0.01823    
282.48450    0.68950    -0.01170    0.20860    0.50992    -0.01259    
282.85709    0.68360    -0.01220    0.20400    0.53489    -0.00465    
283.22980    0.67640    -0.01280    0.19640    0.54210    -0.00033    
283.60248    0.69590    -0.00940    0.18540    0.54224    0.00282    
283.97519    0.71140    -0.00640    0.18380    0.54224    0.00144    
284.34778    0.71550    -0.00300    0.17840    0.54224    0.00144    
284.72049    0.71740    -0.00230    0.17570    0.54387    -0.00052    
285.09317    0.71530    0.00010    0.17270    0.54381    -0.00367    
285.46588    0.71570    0.00150    0.16790    0.54368    -0.00479    
285.83847    0.72090    0.00080    0.16700    0.54368    -0.00616    
286.21118    0.72100    0.00100    0.16460    0.54368    -0.00996    
286.58389    0.72120    0.00100    0.16220    0.54361    -0.00826    
286.95648    0.72280    0.00010    0.16110    0.54197    -0.00872    
287.32919    0.72280    -0.00120    0.16020    0.54374    -0.01069    
287.70187    0.72270    -0.00110    0.16020    0.54197    -0.01121    
288.07449    0.72390    -0.00180    0.15730    0.54191    -0.01200    
288.44717    0.72350    -0.00180    0.15880    0.54197    -0.01062    
288.81989    0.72270    -0.00100    0.15690    0.54204    -0.01364    
289.19247    0.72420    -0.00110    0.15740    0.54387    -0.01383    
289.56519    0.72530    -0.00190    0.15690    0.54387    -0.01174    
289.93790    0.72440    -0.00260    0.15740    0.54387    -0.01311    
290.31049    0.72540    -0.00330    0.15690    0.54401    -0.01410    
290.68320    0.72450    -0.00400    0.15740    0.54407    -0.01285    
291.05588    0.72480    -0.00460    0.15750    0.54414    -0.01449    
291.42859    0.72500    -0.00470    0.15750    0.54420    -0.01390    
291.80118    0.72600    -0.00550    0.15700    0.54440    -0.01416    
292.17389    0.72630    -0.00570    0.15790    0.54263    -0.01469    
292.54657    0.72720    -0.00710    0.15820    0.54440    -0.01351    
292.91928    0.72720    -0.00710    0.15820    0.54276    -0.01370    
293.29187    0.72810    -0.00780    0.15770    0.54289    -0.01606    
293.66458    0.72710    -0.00850    0.15730    0.54309    -0.01508    
294.03729    0.72820    -0.00930    0.15680    0.54479    -0.01482    
294.40988    0.72710    -0.00850    0.15730    0.54486    -0.01528    
294.78259    0.72830    -0.01070    0.15680    0.54505    -0.01318    
295.15527    0.72830    -0.01070    0.15680    0.54315    -0.01495    
295.52798    0.72710    -0.00980    0.15730    0.54328    -0.01337    
295.90057    0.72720    -0.00990    0.15730    0.54348    -0.01364    
296.27328    0.72710    -0.01000    0.15970    0.54361    -0.01219    
296.64600    0.72650    -0.01060    0.15870    0.54361    -0.01462    
297.01859    0.72700    -0.01130    0.15880    0.54368    -0.01534    
297.39130    0.72760    -0.01080    0.15980    0.54387    -0.01423    
297.76398    0.72720    -0.01140    0.15970    0.54558    -0.01344    
298.13669    0.72570    -0.01330    0.16080    0.54578    -0.01370    
298.50928    0.72470    -0.01190    0.15970    0.54578    -0.01370    
298.88199    0.72690    -0.01280    0.16120    0.54387    -0.01180    
299.25470    0.72570    -0.01330    0.16080    0.54394    -0.01357    
299.62729    0.72630    -0.01340    0.16020    0.54407    -0.01632    
300.00000    0.72580    -0.01470    0.16080    0.54578    -0.01337    
300.37268    0.72520    -0.01560    0.16220    0.54237    -0.01226    
300.74527    0.72520    -0.01560    0.16220    0.54230    -0.01167    
301.11798    0.72430    -0.01620    0.16270    0.54420    -0.01213    
301.49069    0.72670    -0.01580    0.16180    0.54414    -0.01278    
301.86328    0.72560    -0.01500    0.16240    0.54433    -0.01062    
302.23599    0.72370    -0.01610    0.16340    0.54420    -0.01069    
302.60867    0.72280    -0.01470    0.16310    0.54414    -0.00892    
302.98138    0.72350    -0.01550    0.16410    0.54250    -0.01088    
303.35397    0.72230    -0.01610    0.16380    0.54250    -0.01075    
303.72668    0.72330    -0.01610    0.16490    0.54250    -0.00695    
304.09940    0.72190    -0.01600    0.16530    0.54237    -0.00695    
304.47198    0.72210    -0.01750    0.16530    0.54250    -0.01036    
304.84470    0.72170    -0.01750    0.16680    0.54420    -0.00819    
305.21738    0.72030    -0.01740    0.16720    0.54414    -0.00629    
305.59009    0.72240    -0.01840    0.16780    0.54578    -0.00715    
305.96268    0.72030    -0.01740    0.16720    0.54578    -0.00636    
306.33539    0.71880    -0.01590    0.16760    0.54578    -0.00400    
306.70810    0.71800    -0.01360    0.16660    0.54407    -0.00157    
307.08069    0.71420    -0.00970    0.16550    0.54204    -0.00164    
307.45340    0.71310    -0.00930    0.16520    0.54374    -0.00072    
307.82608    0.70330    -0.00850    0.16240    0.54171    -0.00282    
308.19879    0.68570    -0.00700    0.15640    0.52945    -0.00629    
308.57138    0.66230    -0.00790    0.15120    0.50316    -0.00859    
308.94409    0.64510    -0.00830    0.14240    0.47097    -0.01095    
309.31677    0.64620    -0.00970    0.13630    0.45308    -0.01147    
309.68948    0.66300    -0.00930    0.13630    0.47215    -0.01311    
310.06207    0.68260    -0.00550    0.14260    0.50487    -0.01016    
310.43478    0.70480    -0.00170    0.15140    0.53273    -0.00210    
310.80750    0.71370    -0.00080    0.15820    0.54171    0.00302    
311.18008    0.71890    0.00080    0.16070    0.54374    0.00557    
311.55280    0.71840    0.00150    0.16060    0.54191    0.00111    
311.92548    0.71940    0.00350    0.16090    0.54355    -0.00321    
312.29810    0.71980    0.00480    0.16030    0.54368    -0.00426    
312.67078    0.72250    0.00180    0.16110    0.54368    -0.00505    
313.04349    0.72290    0.00310    0.16040    0.54381    -0.00610    
313.41608    0.72300    0.00300    0.16040    0.54387    -0.00472    
313.78879    0.72270    0.00320    0.15950    0.54401    -0.00498    
314.16150    0.72430    0.00300    0.16000    0.54230    -0.00354    
314.53409    0.72530    0.00350    0.15950    0.54250    -0.00937    
314.90680    0.72470    0.00300    0.15850    0.54420    -0.00538    
315.27948    0.72620    0.00150    0.15810    0.54256    -0.00380    
315.65219    0.72610    0.00150    0.15730    0.54250    -0.00695    
316.02478    0.72870    0.00050    0.15730    0.54446    -0.00924    
316.39749    0.72870    0.00050    0.15730    0.54460    -0.00610    
316.77017    0.72830    -0.00010    0.15720    0.54446    -0.00583    
317.14288    0.72760    0.00000    0.15690    0.54283    -0.00767    
317.51547    0.72830    -0.00210    0.15790    0.54283    -0.00662    
317.88818    0.72980    -0.00360    0.15750    0.54466    -0.00924    
318.26089    0.72890    -0.00420    0.15800    0.54473    -0.00846    
318.63348    0.72880    -0.00430    0.15720    0.54486    -0.00885    
319.00620    0.72970    -0.00500    0.15660    0.54486    -0.00885    
319.37888    0.73000    -0.00640    0.15750    0.54663    -0.00970    
319.75159    0.72970    -0.00590    0.15740    0.54669    -0.00898    
320.12418    0.73150    -0.00670    0.15720    0.54499    -0.00813    
320.49689    0.73060    -0.00730    0.15770    0.54505    -0.00911    
320.86960    0.73220    -0.00760    0.15820    0.54335    -0.01003    
321.24219    0.73060    -0.00730    0.15770    0.54342    -0.01311    
321.61490    0.73060    -0.00730    0.15770    0.54348    -0.01108    
321.98758    0.73080    -0.00740    0.15850    0.54538    -0.01056    
322.36029    0.73000    -0.00720    0.15830    0.54532    -0.01115    
322.73288    0.72980    -0.00660    0.15900    0.54551    -0.01016    
323.10559    0.73020    -0.00730    0.15920    0.54374    -0.01174    
323.47827    0.72970    -0.00790    0.15820    0.54564    -0.01115    
323.85089    0.72890    -0.00720    0.15950    0.54564    -0.01115    
324.22357    0.72960    -0.00810    0.16060    0.54545    -0.01082    
324.59628    0.72790    -0.00780    0.16010    0.54564    -0.01246    
324.96887    0.72860    -0.00860    0.16110    0.54564    -0.01108    
325.34158    0.72900    -0.00930    0.16120    0.54558    -0.01180    
325.71429    0.72770    -0.00930    0.16160    0.54387    -0.01337    
326.08688    0.72860    -0.01160    0.16260    0.54394    -0.01501    
326.45959    0.72690    -0.01130    0.16210    0.54571    -0.01206    
326.83228    0.72650    -0.01130    0.16360    0.54564    -0.01147    
327.20499    0.72590    -0.01120    0.16420    0.54578    -0.01246    
327.57758    0.72560    -0.01190    0.16410    0.54741    -0.00911    
327.95029    0.72560    -0.01190    0.16410    0.54571    -0.01069    
328.32300    0.72620    -0.01140    0.16510    0.54558    -0.01134    
328.69559    0.72520    -0.01190    0.16560    0.54558    -0.00996    
329.06830    0.72290    -0.00950    0.16500    0.54394    -0.00937    
329.44098    0.72250    -0.00950    0.16650    0.54381    -0.01075    
329.81369    0.72210    -0.00870    0.16640    0.54387    -0.01036    
330.18628    0.72050    -0.00860    0.16590    0.54571    -0.00800    
330.55899    0.71920    -0.00850    0.16630    0.54401    -0.00819    
330.93167    0.72210    -0.00910    0.16880    0.54591    -0.00852    
331.30438    0.71930    -0.00730    0.16720    0.54584    -0.00669    
331.67697    0.71830    -0.00650    0.16770    0.54407    -0.00682    
332.04968    0.71920    -0.00580    0.16720    0.54604    -0.00793    
332.42239    0.71660    -0.00480    0.16810    0.54597    -0.00406    
332.79498    0.71520    -0.00340    0.16850    0.54604    -0.00570    
333.16769    0.71540    -0.00350    0.16940    0.54453    -0.00544    
333.54037    0.71540    -0.00350    0.16940    0.54433    -0.00439    
333.91309    0.71120    -0.00230    0.16890    0.54256    -0.00590    
334.28568    0.71240    -0.00190    0.16930    0.54230    -0.00800    
334.65839    0.71150    -0.00250    0.16980    0.54394    -0.00177    
335.03110    0.71130    -0.00320    0.17060    0.54355    -0.00249    
335.40369    0.71050    -0.00560    0.17030    0.52571    -0.00465    
335.77640    0.70670    -0.00810    0.16920    0.48690    -0.01193    
336.14908    0.69800    -0.01060    0.16670    0.46894    -0.01390    
336.52170    0.67720    -0.00750    0.16170    0.49130    -0.01383    
336.89438    0.66120    -0.00280    0.15370    0.52460    -0.00682    
337.26709    0.66060    0.00150    0.14830    0.54047    0.00151    
337.63968    0.67330    0.00410    0.14340    0.54230    0.00308    
338.01239    0.69630    0.00450    0.14890    0.54420    0.00256    
338.38507    0.71190    -0.00170    0.15770    0.54414    0.00590    
338.75778    0.71950    -0.00630    0.16400    0.54420    0.00721    
339.13037    0.71920    -0.00640    0.16550    0.54427    0.00715    
339.50308    0.71890    -0.00300    0.16720    0.54427    0.00649    
339.87579    0.72170    -0.00180    0.16720    0.54440    0.00787    
340.24838    0.72170    -0.00450    0.16640    0.54256    0.00793    
340.62109    0.72270    -0.00400    0.16590    0.54269    0.00688    
340.99377    0.72490    -0.00570    0.16480    0.54420    0.00426    
341.36649    0.72630    -0.00710    0.16440    0.54433    0.00243    
341.73907    0.72730    -0.00920    0.16310    0.54420    0.00203    
342.11179    0.72660    -0.00920    0.16280    0.54427    -0.00361    
342.48450    0.72840    -0.00930    0.16180    0.54401    -0.00544    
342.85709    0.72790    -0.00990    0.16080    0.54401    -0.00623    
343.22980    0.72880    -0.00930    0.16030    0.54394    -0.00964    
343.60248    0.72820    -0.00980    0.15930    0.54401    -0.01206    
343.97519    0.72810    -0.00990    0.15840    0.54394    -0.01042    
344.34778    0.73090    -0.01090    0.15930    0.54401    -0.01141    
344.72049    0.73120    -0.01010    0.15940    0.54401    -0.01285    
345.09317    0.73040    -0.01150    0.15830    0.54224    -0.01514    
345.46588    0.73070    -0.01080    0.15840    0.54414    -0.01324    
345.83847    0.73180    -0.01170    0.15790    0.54237    -0.01377    
346.21118    0.73170    -0.01160    0.15790    0.54237    -0.01514    
346.58389    0.73130    -0.01090    0.15780    0.54243    -0.01698    
346.95648    0.73170    -0.01160    0.15790    0.54250    -0.01560    
347.32919    0.73180    -0.01300    0.15790    0.54250    -0.01560    
347.70187    0.73160    -0.01290    0.15700    0.54263    -0.01796    
348.07449    0.73090    -0.01370    0.15840    0.54269    -0.01836    
348.44717    0.73030    -0.01290    0.15740    0.54440    -0.01501    
348.81989    0.73070    -0.01360    0.15750    0.54269    -0.01777    
349.19247    0.73020    -0.01340    0.15900    0.54460    -0.01849    
349.56519    0.72870    -0.01330    0.15850    0.54643    -0.02032    
349.93790    0.73110    -0.01510    0.15840    0.54643    -0.01796    
350.31049    0.72980    -0.01550    0.15800    0.54473    -0.01646    
350.68320    0.73050    -0.01500    0.15900    0.54302    -0.01842    
351.05588    0.73060    -0.01650    0.15900    0.54473    -0.01888    
351.42859    0.73060    -0.01650    0.15900    0.54492    -0.01914    
351.80118    0.73020    -0.01640    0.16050    0.54492    -0.01849    
352.17389    0.72830    -0.01700    0.15990    0.54505    -0.01711    
352.54657    0.72880    -0.01780    0.16000    0.54519    -0.01954    
352.91928    0.73010    -0.01720    0.16130    0.54368    -0.02072    
353.29187    0.72890    -0.01840    0.16250    0.54545    -0.01777    
353.66458    0.72700    -0.01900    0.16190    0.54578    -0.01901    
354.03729    0.72670    -0.01910    0.16340    0.54571    -0.01796    
354.40988    0.72730    -0.01920    0.16280    0.54604    -0.01423    
354.78259    0.72810    -0.02010    0.16380    0.54427    -0.01639    
355.15527    0.72750    -0.02000    0.16450    0.54446    -0.01665    
355.52798    0.72650    -0.02050    0.16500    0.54637    -0.01613    
355.90057    0.72570    -0.02050    0.16470    0.54650    -0.01573    
356.27328    0.72580    -0.02120    0.16640    0.54663    -0.01672    
356.64600    0.72420    -0.02110    0.16590    0.54663    -0.01357    
357.01859    0.72480    -0.02060    0.16690    0.54669    -0.01521    
357.39130    0.72510    -0.02210    0.16780    0.54505    -0.01475    
357.76398    0.72360    -0.02200    0.16730    0.54505    -0.01337    
358.13669    0.72200    -0.01900    0.16770    0.54682    -0.01410    
358.50928    0.71890    -0.01730    0.16760    0.54689    -0.01370    
358.88199    0.71690    -0.01650    0.16700    0.54696    -0.01292    
359.25470    0.71590    -0.01700    0.16750    0.54696    -0.01213    
359.62729    0.71530    -0.01690    0.16820    0.54682    -0.00977    
360.00000    0.71220    -0.01660    0.16810    0.54682    -0.01049    
