TITLE:  An Experimental Investigation of the Flow through an Axial-Flow Pump
AUTHORS:  Zierke, Straka, and Taylor
JOURNAL PAPER FIGURE(S):  5a
PSU/ARL TR 93-12 FIGURE(S):  28b
*****************************************************************************
DATA TITLE:  Circumferential Variation of Velocity and Pressure Downstream of 
             IGV Trailing Edge Measured with 5-Hole Probes (9.5% span)
MEASUREMENT TYPE:  5-hole probe wake rake survey
MEASUREMENT LOCATION:  49.7% IGV chord axially downstream of IGV trailing 
                       edge, at 9.5% span
NOMINAL CONDITIONS:  
  vinf = 35.0 ft/sec
  pref = 43.2 psia
  rho  = 1.932 slugs/ft^3
  rotor rpm  = 260
  Utip = 47.6 ft/sec
  IGV chord = 6.90 inches
  IGV span  = 10.50 inches
DATA COLUMNS:
  1 -- circumferential position in degrees
  2 -- nondimensional axial velocity, Vz / Utip,   [uncertainty: 0.02]
  3 -- nondimensional radial velocity, Vr / Utip,   [uncertainty: 0.02] 
  4 -- nondimensional tangential velocity, Vtheta / Utip,  [uncertainty: 0.02] 
  5 -- total pressure coefficient, Kpt = (ptot - pref) / (0.5 * rho * Utip^2)
  6 -- static pressure coefficient, Kpt = (psta - pref) / (0.5 * rho * Utip^2)
*****************************************************************************
0.00000    0.72346    0.02356    0.17710    0.55068    -0.00568    
0.37247    0.72373    0.02433    0.17787    0.55393    -0.00217    
0.74515    0.72334    0.02721    0.17633    0.55427    -0.00184    
1.11783    0.72340    0.03066    0.17558    0.55460    0.00031    
1.49048    0.72238    0.03432    0.17390    0.55500    -0.00178    
1.86316    0.72404    0.03742    0.17351    0.55526    -0.00119    
2.23584    0.72417    0.04017    0.17139    0.55441    -0.00297    
2.60849    0.72470    0.04472    0.17074    0.55328    -0.00208    
2.98117    0.72351    0.04761    0.16904    0.54536    -0.00750    
3.35385    0.72165    0.05359    0.16783    0.52811    -0.00914    
3.72650    0.71077    0.05692    0.16675    0.50066    -0.01217    
4.09918    0.69364    0.06119    0.16430    0.45926    -0.01625    
4.47186    0.66707    0.06204    0.16061    0.42594    -0.01873    
4.84454    0.64507    0.05876    0.15581    0.38976    -0.02609    
5.21719    0.62558    0.04657    0.14683    0.38141    -0.03193    
5.58987    0.62648    0.02717    0.13912    0.38280    -0.04012    
5.96255    0.63586    0.00745    0.13325    0.40223    -0.04035    
6.33521    0.65151    -0.01662    0.13044    0.41805    -0.04090    
6.70789    0.66414    -0.03302    0.12617    0.44014    -0.03923    
7.08057    0.67930    -0.04392    0.12288    0.46523    -0.03400    
7.45322    0.69325    -0.04742    0.12433    0.49622    -0.03088    
7.82590    0.71139    -0.05021    0.13233    0.52284    -0.03031    
8.19858    0.72783    -0.05136    0.14047    0.53902    -0.02346    
8.57123    0.73290    -0.04948    0.14779    0.54647    -0.02192    
8.94391    0.73605    -0.04623    0.15307    0.54802    -0.01944    
9.31659    0.73474    -0.04283    0.15722    0.54816    -0.01947    
9.68924    0.73430    -0.03880    0.16083    0.54972    -0.01634    
10.06192    0.73298    -0.03540    0.16276    0.54984    -0.01707    
10.43460    0.73297    -0.03390    0.16570    0.55001    -0.02050    
10.80725    0.73507    -0.03179    0.16765    0.55007    -0.01609    
11.17993    0.73188    -0.02903    0.16914    0.55167    -0.01780    
11.55261    0.73356    -0.02843    0.17170    0.55036    -0.01833    
11.92529    0.73284    -0.02529    0.17299    0.55047    -0.01920    
12.29794    0.73301    -0.02458    0.17521    0.55200    -0.01853    
12.67062    0.73342    -0.02379    0.17603    0.55361    -0.01817    
13.04330    0.73378    -0.02227    0.17828    0.55223    -0.01863    
13.41595    0.73306    -0.02073    0.17884    0.55089    -0.01934    
13.78864    0.73255    -0.01838    0.17943    0.54951    -0.02183    
14.16132    0.73312    -0.01779    0.18026    0.54957    -0.01970    
14.53397    0.73146    -0.01683    0.18135    0.55107    -0.01660    
14.90665    0.73027    -0.01582    0.18183    0.55121    -0.01901    
15.27933    0.73179    -0.01450    0.18285    0.55277    -0.01770    
15.65198    0.73162    -0.01369    0.18425    0.55139    -0.01686    
16.02466    0.73003    -0.01199    0.18462    0.55150    -0.01873    
16.39734    0.73135    -0.01066    0.18487    0.55301    -0.01560    
16.76999    0.73014    -0.00966    0.18534    0.55312    -0.01891    
17.14267    0.73220    -0.00923    0.18646    0.55318    -0.01927    
17.51535    0.73247    -0.00854    0.18651    0.55323    -0.01774    
17.88800    0.73135    -0.00763    0.18699    0.55181    -0.01841    
18.26068    0.73087    -0.00686    0.18688    0.55182    -0.01445    
18.63336    0.72815    -0.00570    0.18704    0.55194    -0.01631    
19.00604    0.72945    -0.00440    0.18728    0.55203    -0.01718    
19.37869    0.72991    -0.00374    0.18807    0.55213    -0.01661    
19.75137    0.72961    -0.00220    0.18799    0.55213    -0.01471    
20.12405    0.72820    -0.00197    0.18842    0.55368    -0.01445    
20.49670    0.72922    -0.00057    0.18790    0.55377    -0.01532    
20.86938    0.72968    0.00008    0.18869    0.55232    -0.01546    
21.24207    0.72900    0.00088    0.18782    0.55382    -0.01294    
21.61472    0.72833    0.00182    0.18768    0.55391    -0.01381    
21.98740    0.72879    0.00246    0.18847    0.55397    -0.01415    
22.36008    0.72905    0.00313    0.18852    0.55398    -0.01575    
22.73273    0.73044    0.00370    0.18736    0.55252    -0.01283    
23.10541    0.72759    0.00481    0.18678    0.55406    -0.01273    
23.47809    0.72852    0.00548    0.18695    0.55416    -0.01213    
23.85074    0.72819    0.00699    0.18687    0.55275    -0.01132    
24.22342    0.72691    0.00862    0.18587    0.55280    -0.01038    
24.59610    0.72632    0.00946    0.18573    0.55430    -0.00974    
24.96875    0.72705    0.01016    0.18516    0.55437    -0.00861    
25.34143    0.72651    0.01169    0.18432    0.55301    -0.01022    
25.71411    0.72682    0.01303    0.18365    0.55312    -0.00961    
26.08676    0.72648    0.01452    0.18355    0.55165    -0.00729    
26.45944    0.72415    0.01558    0.18235    0.55321    -0.00570    
26.83212    0.72427    0.01709    0.18164    0.55341    -0.00656    
27.20480    0.72493    0.01912    0.18174    0.55503    -0.00718    
27.57745    0.72670    0.02101    0.18067    0.55374    -0.00781    
27.95013    0.72638    0.02314    0.17985    0.55263    -0.00456    
28.32281    0.72355    0.02773    0.17848    0.55287    -0.00337    
28.69547    0.72316    0.03059    0.17694    0.55168    -0.00431    
29.06815    0.72306    0.03331    0.17616    0.55214    -0.00302    
29.44083    0.72249    0.03752    0.17528    0.55237    -0.00332    
29.81348    0.72291    0.03948    0.17463    0.55002    -0.00182    
30.18616    0.72028    0.04458    0.17329    0.55068    -0.00444    
30.55884    0.72234    0.04887    0.17297    0.54547    -0.00629    
30.93149    0.71954    0.05312    0.17370    0.53301    -0.00938    
31.30417    0.71251    0.05787    0.17421    0.50131    -0.01167    
31.67685    0.69143    0.06270    0.17323    0.46909    -0.01613    
32.04950    0.67161    0.06469    0.17051    0.42928    -0.01978    
32.42218    0.64542    0.06639    0.16507    0.40289    -0.02237    
32.79486    0.62860    0.06084    0.16007    0.38608    -0.02833    
33.16751    0.62362    0.05108    0.14875    0.38328    -0.03364    
33.54019    0.62921    0.03061    0.13894    0.38877    -0.03807    
33.91287    0.63940    0.00885    0.13091    0.40501    -0.04356    
34.28555    0.65733    -0.02323    0.12293    0.43278    -0.04373    
34.65820    0.67684    -0.04681    0.12371    0.46241    -0.04184    
35.03088    0.69587    -0.05744    0.12559    0.49925    -0.03415    
35.40356    0.71493    -0.05975    0.13310    0.52877    -0.03188    
35.77621    0.73205    -0.05896    0.14220    0.54351    -0.02737    
36.14890    0.73750    -0.05550    0.15109    0.54795    -0.02264    
36.52158    0.73647    -0.05037    0.15682    0.54956    -0.02068    
36.89423    0.73553    -0.04457    0.16181    0.54967    -0.01914    
37.26691    0.73401    -0.04124    0.16516    0.55129    -0.01881    
37.63959    0.73457    -0.03728    0.16752    0.55150    -0.02134    
38.01224    0.73583    -0.03426    0.17072    0.55013    -0.01949    
38.38492    0.73357    -0.03089    0.17169    0.55318    -0.01758    
38.75760    0.73388    -0.02925    0.17396    0.55192    -0.02195    
39.13025    0.73548    -0.02723    0.17647    0.55055    -0.02155    
39.50293    0.73425    -0.02480    0.17692    0.55067    -0.02036    
39.87561    0.73310    -0.02314    0.17884    0.55076    -0.02038    
40.24826    0.73306    -0.02157    0.17955    0.55385    -0.02029    
40.62094    0.73469    -0.02016    0.18134    0.55248    -0.02046    
40.99362    0.73398    -0.01779    0.18117    0.55251    -0.02099    
41.36630    0.73418    -0.01782    0.18193    0.55268    -0.02074    
41.73895    0.73384    -0.01552    0.18328    0.55270    -0.01984    
42.11163    0.73329    -0.01464    0.18316    0.55283    -0.01921    
42.48431    0.73265    -0.01305    0.18445    0.55437    -0.02041    
42.85696    0.73443    -0.01250    0.18481    0.55448    -0.02039    
43.22964    0.73435    -0.01096    0.18550    0.55603    -0.01968    
43.60233    0.73473    -0.01020    0.18628    0.55462    -0.01974    
43.97498    0.73370    -0.00939    0.18677    0.55465    -0.02072    
44.34766    0.73454    -0.00874    0.18622    0.55482    -0.02250    
44.72034    0.73547    -0.00742    0.18781    0.55192    -0.02027    
45.09299    0.73217    -0.00556    0.18712    0.55338    -0.01868    
45.46567    0.73209    -0.00546    0.18711    0.55496    -0.02039    
45.83835    0.73405    -0.00497    0.18821    0.55505    -0.01982    
46.21100    0.73376    -0.00343    0.18813    0.55509    -0.01890    
46.58368    0.73319    -0.00257    0.18801    0.55369    -0.01895    
46.95636    0.73214    -0.00176    0.18849    0.55371    -0.01687    
47.32901    0.73082    -0.00082    0.18822    0.55379    -0.01837    
47.70169    0.73184    -0.00023    0.18841    0.55388    -0.01924    
48.07437    0.73230    0.00042    0.18920    0.55248    -0.01783    
48.44705    0.73048    0.00211    0.18880    0.55245    -0.01541    
48.81970    0.72888    0.00237    0.18849    0.55255    -0.01672    
49.19238    0.72997    0.00366    0.18797    0.55415    -0.01812    
49.56506    0.73192    0.00492    0.18834    0.55259    -0.01579    
49.93771    0.72939    0.00451    0.18784    0.55267    -0.01581    
50.31039    0.72963    0.00597    0.18716    0.55270    -0.01373    
50.68307    0.72828    0.00690    0.18688    0.55281    -0.01618    
51.05573    0.73012    0.00808    0.18651    0.55285    -0.01219    
51.42841    0.72737    0.00925    0.18665    0.55436    -0.01461    
51.80109    0.73026    0.00962    0.18582    0.55439    -0.01251    
52.17374    0.72891    0.01054    0.18553    0.55448    -0.01253    
52.54642    0.72913    0.01198    0.18485    0.55459    -0.01192    
52.91910    0.72879    0.01346    0.18475    0.55321    -0.01414    
53.29175    0.72966    0.01474    0.18348    0.55467    -0.00991    
53.66443    0.72800    0.01579    0.18243    0.55476    -0.00991    
54.03711    0.72821    0.01721    0.18175    0.55493    -0.00896    
54.40976    0.72782    0.01945    0.18092    0.55355    -0.00939    
54.78244    0.72734    0.02086    0.18009    0.55369    -0.00789    
55.15512    0.72672    0.02312    0.17851    0.55387    -0.00820    
55.52780    0.72716    0.02514    0.17786    0.55553    -0.00692    
55.90045    0.72749    0.02724    0.17720    0.55583    -0.00605    
56.27313    0.72733    0.03072    0.17571    0.55612    -0.00539    
56.64581    0.72714    0.03351    0.17493    0.55643    -0.00717    
57.01846    0.72856    0.03599    0.17450    0.55679    -0.00501    
57.39114    0.72754    0.03959    0.17283    0.55424    -0.00604    
57.76382    0.72669    0.04301    0.17119    0.55343    -0.00721    
58.13647    0.72667    0.04759    0.17113    0.55253    -0.00623    
58.50916    0.72534    0.05180    0.17009    0.54034    -0.01205    
58.88184    0.72041    0.05808    0.17030    0.51592    -0.01406    
59.25449    0.70497    0.06278    0.16753    0.48095    -0.01922    
59.62717    0.68417    0.06622    0.16360    0.44135    -0.02225    
59.99985    0.65838    0.06934    0.15641    0.40503    -0.02516    
60.37250    0.63580    0.06724    0.14361    0.39749    -0.02886    
60.74518    0.63632    0.05876    0.13116    0.41051    -0.03209    
61.11786    0.65296    0.04456    0.11587    0.43834    -0.03740    
61.49051    0.68040    0.02411    0.10644    0.46113    -0.03813    
61.86319    0.69893    0.00775    0.09884    0.47832    -0.03913    
62.23587    0.71290    -0.01231    0.09003    0.49845    -0.03843    
62.60852    0.72570    -0.03467    0.08962    0.51867    -0.03842    
62.98120    0.73761    -0.05043    0.09713    0.53707    -0.03349    
63.35388    0.74370    -0.06152    0.11235    0.54686    -0.03226    
63.72656    0.74682    -0.06306    0.12774    0.54944    -0.02631    
64.09921    0.74243    -0.06108    0.14050    0.55087    -0.02541    
64.47189    0.74125    -0.05540    0.15057    0.55091    -0.02302    
64.84457    0.73892    -0.05040    0.15594    0.55255    -0.02147    
65.21722    0.73801    -0.04386    0.16240    0.55273    -0.02274    
65.58990    0.73837    -0.03999    0.16617    0.55142    -0.02245    
65.96259    0.73690    -0.03592    0.16877    0.55154    -0.02085    
66.33524    0.73562    -0.03263    0.17068    0.55175    -0.02219    
66.70792    0.73609    -0.02959    0.17370    0.55189    -0.02142    
67.08060    0.73527    -0.02720    0.17570    0.55194    -0.02091    
67.45325    0.73504    -0.02559    0.17565    0.55058    -0.02050    
67.82593    0.73380    -0.02316    0.17610    0.55074    -0.02144    
68.19861    0.73425    -0.02090    0.17763    0.55085    -0.02084    
68.57126    0.73365    -0.01929    0.17894    0.55092    -0.02031    
68.94394    0.73339    -0.01770    0.17888    0.55253    -0.02258    
69.31662    0.73557    -0.01719    0.18078    0.55261    -0.02144    
69.68927    0.73475    -0.01557    0.18132    0.55272    -0.02144    
70.06195    0.73468    -0.01402    0.18201    0.55134    -0.02392    
70.43463    0.73524    -0.01344    0.18283    0.55143    -0.02087    
70.80731    0.73302    -0.01162    0.18379    0.55148    -0.02123    
71.17996    0.73330    -0.01092    0.18384    0.55153    -0.01970    
71.55264    0.73218    -0.01001    0.18432    0.55007    -0.02130    
71.92532    0.73227    -0.01010    0.18433    0.55165    -0.01968    
72.29797    0.73209    -0.00848    0.18500    0.55177    -0.02155    
72.67065    0.73340    -0.00717    0.18525    0.55185    -0.02243    
73.04333    0.73386    -0.00651    0.18605    0.55337    -0.01930    
73.41599    0.73265    -0.00551    0.18651    0.55192    -0.02027    
73.78867    0.73217    -0.00556    0.18712    0.55205    -0.02023    
74.16135    0.73207    -0.00404    0.18779    0.55205    -0.01879    
74.53400    0.73131    -0.00315    0.18692    0.55214    -0.01966    
74.90668    0.73177    -0.00250    0.18771    0.55217    -0.02064    
75.27936    0.73260    -0.00187    0.18716    0.55371    -0.01833    
75.65201    0.73158    -0.00171    0.18909    0.55381    -0.02080    
76.02469    0.73343    -0.00048    0.18873    0.55388    -0.01924    
76.39737    0.73230    0.00042    0.18920    0.55251    -0.02026    
76.77002    0.73207    0.00185    0.18912    0.55388    -0.01779    
77.14270    0.73153    0.00130    0.18832    0.55255    -0.01933    
77.51538    0.73150    0.00270    0.18899    0.55121    -0.01971    
77.88806    0.73070    0.00417    0.18951    0.55119    -0.01728    
78.26071    0.72910    0.00444    0.18920    0.55265    -0.01423    
78.63339    0.72824    0.00541    0.18831    0.55276    -0.01669    
79.00607    0.73008    0.00660    0.18794    0.55287    -0.01609    
79.37872    0.72975    0.00810    0.18785    0.55437    -0.01546    
79.75140    0.73048    0.00880    0.18729    0.55455    -0.01634    
80.12408    0.73117    0.01086    0.18739    0.55459    -0.01425    
80.49673    0.72982    0.01178    0.18710    0.55468    -0.01426    
80.86942    0.73004    0.01321    0.18642    0.55329    -0.01344    
81.24210    0.72874    0.01482    0.18542    0.55337    -0.01229    
81.61475    0.72819    0.01633    0.18458    0.55353    -0.01262    
81.98743    0.72865    0.01839    0.18393    0.55362    -0.00829    
82.36011    0.72584    0.02032    0.18332    0.55375    -0.01072    
82.73276    0.72766    0.02144    0.18296    0.55396    -0.00955    
83.10544    0.72729    0.02432    0.18143    0.55417    -0.00837    
83.47812    0.72691    0.02719    0.17989    0.55455    -0.00859    
83.85077    0.72718    0.03058    0.17989    0.55627    -0.00709    
84.22345    0.72754    0.03331    0.17853    0.55522    -0.00556    
84.59613    0.72601    0.03765    0.17673    0.55570    -0.00732    
84.96881    0.72760    0.04144    0.17561    0.55482    -0.00855    
85.34146    0.72791    0.04600    0.17421    0.55392    -0.00696    
85.71414    0.72603    0.05027    0.17375    0.55316    -0.00875    
86.08682    0.72656    0.05473    0.17312    0.54387    -0.01091    
86.45947    0.72157    0.06120    0.17125    0.52546    -0.01529    
86.83215    0.71177    0.06568    0.16972    0.49054    -0.01799    
87.20483    0.68947    0.06950    0.16550    0.44911    -0.02046    
87.57748    0.66234    0.07090    0.15804    0.42009    -0.02538    
87.95016    0.64639    0.06766    0.14913    0.40027    -0.03065    
88.32285    0.63968    0.05744    0.13276    0.40282    -0.03462    
88.69550    0.64759    0.04404    0.12374    0.43049    -0.03842    
89.06818    0.67472    0.02231    0.11081    0.46286    -0.04243    
89.44086    0.70219    -0.00532    0.10606    0.49781    -0.04222    
89.81351    0.72633    -0.02606    0.10386    0.52423    -0.04124    
90.18619    0.74267    -0.04360    0.10468    0.54013    -0.03671    
90.55887    0.74866    -0.05385    0.11119    0.54871    -0.03371    
90.93152    0.75107    -0.05848    0.11752    0.54975    -0.02978    
91.30420    0.74756    -0.05814    0.12735    0.55098    -0.02683    
91.67688    0.74505    -0.05551    0.13618    0.54944    -0.02681    
92.04953    0.74304    -0.05306    0.14226    0.54944    -0.02696    
92.42221    0.74193    -0.05066    0.14933    0.55095    -0.02313    
92.79489    0.73941    -0.04636    0.15537    0.55110    -0.02348    
93.16757    0.73870    -0.04321    0.16110    0.55127    -0.02491    
93.54022    0.73897    -0.04011    0.16557    0.55135    -0.02237    
93.91290    0.73689    -0.03753    0.16803    0.55303    -0.02256    
94.28558    0.73762    -0.03363    0.17113    0.55324    -0.02390    
94.65823    0.73810    -0.03059    0.17414    0.55337    -0.02328    
95.03091    0.73720    -0.02896    0.17684    0.55204    -0.02469    
95.40359    0.73700    -0.02671    0.17823    0.55067    -0.02428    
95.77625    0.73577    -0.02429    0.17868    0.55081    -0.02422    
96.14893    0.73537    -0.02270    0.18076    0.55085    -0.02272    
96.52161    0.73428    -0.02179    0.18125    0.55104    -0.02491    
96.89426    0.73554    -0.01969    0.18293    0.55114    -0.02492    
97.26694    0.73548    -0.01813    0.18362    0.55120    -0.02278    
97.63962    0.73382    -0.01718    0.18471    0.55133    -0.02377    
98.01227    0.73459    -0.01496    0.18485    0.55287    -0.02307    
98.38495    0.73498    -0.01419    0.18564    0.55300    -0.02433    
98.75763    0.73573    -0.01282    0.18650    0.55310    -0.02316    
99.13028    0.73490    -0.01121    0.18703    0.55321    -0.02314    
99.50296    0.73481    -0.00968    0.18770    0.55328    -0.02464    
99.87564    0.73584    -0.00906    0.18790    0.55043    -0.02422    
100.24830    0.73358    -0.00740    0.18813    0.55342    -0.02255    
100.62100    0.73443    -0.00660    0.18830    0.55350    -0.02199    
100.99370    0.73414    -0.00506    0.18822    0.55213    -0.02446    
101.36630    0.73469    -0.00450    0.18903    0.55215    -0.02239    
101.73900    0.73337    -0.00356    0.18875    0.55372    -0.02137    
102.11170    0.73374    -0.00201    0.18881    0.55379    -0.02478    
102.48430    0.73615    -0.00164    0.18858    0.55375    -0.02235    
102.85700    0.73456    -0.00138    0.18826    0.55239    -0.02482    
103.22970    0.73511    -0.00083    0.18906    0.55094    -0.02306    
103.60240    0.73304    0.00018    0.18862    0.55238    -0.01886    
103.97500    0.73142    0.00124    0.18759    0.55253    -0.02185    
104.34770    0.73346    0.00242    0.18798    0.55263    -0.02273    
104.72040    0.73392    0.00305    0.18876    0.55263    -0.02127    
105.09300    0.73314    0.00393    0.18789    0.55416    -0.02117    
105.46570    0.73407    0.00460    0.18807    0.55423    -0.02005    
105.83840    0.73355    0.00614    0.18724    0.55427    -0.02057    
106.21100    0.73375    0.00610    0.18798    0.55427    -0.02100    
106.58370    0.73437    0.00675    0.18669    0.55288    -0.01957    
106.95640    0.73253    0.00842    0.18629    0.55286    -0.02019    
107.32910    0.73309    0.00837    0.18569    0.55293    -0.01863    
107.70170    0.73195    0.00926    0.18615    0.55298    -0.01811    
108.07440    0.73197    0.01073    0.18473    0.55455    -0.01591    
108.44710    0.73155    0.01230    0.18462    0.55314    -0.01656    
108.81970    0.73105    0.01304    0.18450    0.55173    -0.01763    
109.19240    0.73115    0.01441    0.18308    0.55182    -0.01459    
109.56510    0.72920    0.01617    0.18266    0.55185    -0.01615    
109.93780    0.73055    0.01670    0.18151    0.55197    -0.01553    
110.31040    0.73020    0.01816    0.18142    0.55360    -0.01426    
110.68310    0.73056    0.02029    0.18076    0.55221    -0.01402    
111.05580    0.72979    0.02183    0.17916    0.55230    -0.01286    
111.42840    0.72922    0.02332    0.17831    0.55249    -0.01317    
111.80110    0.72965    0.02534    0.17767    0.55411    -0.00945    
112.17380    0.72838    0.02772    0.17667    0.55434    -0.01219    
112.54640    0.73041    0.02943    0.17638    0.55310    -0.01319    
112.91910    0.73064    0.03211    0.17428    0.55194    -0.01353    
113.29180    0.72999    0.03486    0.17410    0.55065    -0.01116    
113.66450    0.72782    0.03728    0.17219    0.55400    -0.01007    
114.03710    0.72929    0.04050    0.17178    0.55148    -0.01164    
114.40980    0.72866    0.04386    0.17089    0.54895    -0.01411    
114.78250    0.72832    0.04642    0.17148    0.53755    -0.01718    
115.15520    0.72226    0.04902    0.17218    0.51412    -0.02247    
115.52780    0.70968    0.05037    0.17148    0.47420    -0.02334    
115.90050    0.68266    0.05182    0.16703    0.43065    -0.02842    
116.27320    0.65562    0.04886    0.16121    0.39643    -0.03146    
116.64580    0.63439    0.03902    0.15203    0.38106    -0.03680    
117.01850    0.62957    0.02174    0.14229    0.38707    -0.04322    
117.39120    0.64121    0.00338    0.13535    0.41263    -0.04437    
117.76380    0.66220    -0.01840    0.13153    0.44636    -0.04417    
118.13650    0.68634    -0.02987    0.13289    0.48171    -0.04093    
118.50920    0.70803    -0.03732    0.13770    0.52010    -0.03756    
118.88190    0.73063    -0.04206    0.14502    0.53934    -0.03617    
119.25450    0.74105    -0.04397    0.15281    0.54681    -0.03319    
119.62720    0.74269    -0.04226    0.15982    0.54838    -0.02921    
119.99990    0.74060    -0.03798    0.16302    0.54997    -0.02604    
120.37250    0.73897    -0.03460    0.16632    0.55165    -0.02622    
120.74520    0.73969    -0.03074    0.16941    0.55186    -0.02815    
121.11790    0.74070    -0.02775    0.17181    0.55047    -0.02804    
121.49060    0.73947    -0.02618    0.17299    0.54910    -0.02720    
121.86320    0.73763    -0.02447    0.17474    0.55072    -0.02656    
122.23590    0.73800    -0.02212    0.17627    0.54934    -0.02703    
122.60860    0.73729    -0.02058    0.17683    0.55088    -0.02575    
122.98120    0.73715    -0.01976    0.17824    0.55104    -0.02916    
123.35390    0.73950    -0.01777    0.17873    0.54967    -0.02772    
123.72660    0.73740    -0.01604    0.17971    0.54979    -0.02856    
124.09930    0.73753    -0.01536    0.18188    0.54984    -0.02892    
124.47190    0.73781    -0.01465    0.18193    0.54849    -0.03051    
124.84460    0.73782    -0.01321    0.18263    0.54707    -0.03058    
125.21730    0.73681    -0.01239    0.18312    0.54854    -0.02692    
125.58990    0.73542    -0.01136    0.18284    0.55162    -0.02759    
125.96260    0.73749    -0.01078    0.18469    0.55021    -0.02909    
126.33530    0.73722    -0.01086    0.18605    0.55171    -0.02787    
126.70790    0.73741    -0.01007    0.18609    0.55185    -0.02722    
127.08060    0.73676    -0.00851    0.18736    0.55183    -0.02784    
127.45330    0.73732    -0.00855    0.18676    0.55194    -0.02811    
127.82600    0.73722    -0.00785    0.18816    0.55194    -0.02811    
128.19859    0.73722    -0.00785    0.18816    0.55199    -0.02657    
128.57130    0.73610    -0.00694    0.18863    0.55201    -0.02450    
128.94400    0.73479    -0.00601    0.18836    0.55215    -0.02751    
129.31670    0.73683    -0.00479    0.18875    0.55068    -0.02461    
129.68930    0.73402    -0.00370    0.18817    0.55223    -0.02389    
130.06200    0.73439    -0.00296    0.18895    0.55235    -0.02575    
130.43469    0.73568    -0.00168    0.18918    0.55235    -0.02575    
130.80730    0.73568    -0.00168    0.18918    0.55244    -0.02517    
131.17999    0.73537    -0.00016    0.18910    0.54956    -0.02743    
131.55270    0.73498    0.00051    0.18900    0.54963    -0.02441    
131.92529    0.73308    0.00229    0.18859    0.55261    -0.02157    
132.29800    0.73316    0.00314    0.18861    0.55126    -0.02373    
132.67070    0.73369    0.00447    0.18869    0.55269    -0.02014    
133.04340    0.73263    0.00547    0.18706    0.55286    -0.02251    
133.41600    0.73409    0.00668    0.18803    0.54998    -0.02214    
133.78870    0.73215    0.00829    0.18690    0.55007    -0.02026    
134.16141    0.73098    0.00997    0.18664    0.55158    -0.01963    
134.53400    0.73171    0.01066    0.18608    0.55315    -0.01742    
134.90669    0.73128    0.01223    0.18597    0.55327    -0.01987    
135.27940    0.73310    0.01338    0.18561    0.55324    -0.01743    
135.65210    0.73150    0.01366    0.18528    0.55338    -0.01839    
136.02470    0.73252    0.01566    0.18405    0.55201    -0.01693    
136.39740    0.73066    0.01732    0.18364    0.55211    -0.01693    
136.77010    0.73086    0.01873    0.18295    0.55209    -0.01491    
137.14270    0.72985    0.01963    0.18132    0.55373    -0.01363    
137.51540    0.73020    0.02175    0.18066    0.55389    -0.01457    
137.88811    0.73119    0.02371    0.17943    0.55259    -0.01404    
138.26080    0.73010    0.02592    0.17846    0.55136    -0.01445    
138.63341    0.72980    0.02869    0.17695    0.55158    -0.01081    
139.00610    0.72779    0.03182    0.17507    0.55472    -0.01097    
139.37880    0.73018    0.03362    0.17416    0.55210    -0.01146    
139.75140    0.72912    0.03711    0.17178    0.55250    -0.00984    
140.12410    0.72831    0.04066    0.17086    0.55287    -0.00713    
140.49680    0.72706    0.04430    0.16845    0.55182    -0.00961    
140.86940    0.72827    0.04741    0.16658    0.55237    -0.01082    
141.24210    0.72964    0.05118    0.16477    0.54854    -0.01257    
141.61481    0.72860    0.05526    0.16171    0.53440    -0.01540    
141.98750    0.72118    0.05947    0.15853    0.51303    -0.01951    
142.36011    0.70949    0.06428    0.15502    0.47237    -0.02315    
142.73280    0.68457    0.06936    0.14542    0.42972    -0.02716    
143.10550    0.65748    0.07149    0.13654    0.39303    -0.02856    
143.47810    0.63416    0.06573    0.11969    0.38246    -0.03354    
143.85080    0.63323    0.05369    0.10657    0.40086    -0.03710    
144.22350    0.65349    0.03139    0.09549    0.43619    -0.03925    
144.59621    0.68262    0.00861    0.09229    0.48095    -0.03980    
144.96880    0.71473    -0.01475    0.09341    0.51135    -0.04131    
145.34151    0.73539    -0.03362    0.09848    0.53154    -0.03722    
145.71420    0.74472    -0.04491    0.10528    0.54149    -0.03467    
146.08681    0.74829    -0.04962    0.11264    0.54551    -0.03211    
146.45950    0.74778    -0.05027    0.12182    0.54670    -0.02646    
146.83220    0.74385    -0.04899    0.12798    0.54807    -0.02662    
147.20480    0.74382    -0.04742    0.13455    0.54651    -0.02518    
147.57750    0.74092    -0.04645    0.13963    0.54798    -0.02372    
147.95020    0.73999    -0.04396    0.14529    0.54808    -0.02616    
148.32291    0.74091    -0.04176    0.14993    0.54664    -0.02349    
148.69550    0.73740    -0.03911    0.15422    0.54677    -0.02254    
149.06821    0.73613    -0.03583    0.15835    0.54687    -0.02389    
149.44090    0.73668    -0.03437    0.16068    0.54548    -0.02167    
149.81360    0.73385    -0.03173    0.16296    0.54713    -0.02146    
150.18620    0.73427    -0.02859    0.16601    0.54869    -0.02077    
150.55890    0.73439    -0.02778    0.16823    0.54740    -0.02462    
150.93159    0.73578    -0.02575    0.16999    0.54755    -0.02499    
151.30420    0.73572    -0.02344    0.17216    0.54762    -0.02201    
151.67690    0.73356    -0.02161    0.17314    0.54922    -0.02226    
152.04961    0.73447    -0.02013    0.17479    0.54936    -0.02409    
152.42220    0.73546    -0.01876    0.17644    0.54795    -0.02212    
152.79491    0.73315    -0.01700    0.17666    0.54806    -0.02357    
153.16760    0.73384    -0.01635    0.17824    0.54964    -0.02137    
153.54030    0.73314    -0.01466    0.17953    0.55121    -0.02166    
153.91290    0.73437    -0.01323    0.17978    0.54986    -0.02324    
154.28560    0.73438    -0.01178    0.18049    0.54846    -0.02270    
154.65829    0.73280    -0.01092    0.18158    0.55001    -0.01993    
155.03090    0.73187    -0.00922    0.18210    0.55159    -0.02166    
155.40359    0.73385    -0.00871    0.18322    0.55025    -0.02323    
155.77631    0.73384    -0.00728    0.18391    0.55176    -0.02010    
156.14900    0.73264    -0.00628    0.18438    0.55188    -0.02340    
156.52161    0.73469    -0.00587    0.18550    0.55190    -0.01944    
156.89430    0.73198    -0.00471    0.18565    0.55203    -0.02130    
157.26700    0.73327    -0.00342    0.18589    0.55053    -0.01901    
157.63960    0.73100    -0.00237    0.18471    0.55070    -0.02285    
158.01230    0.73325    -0.00201    0.18657    0.54922    -0.01994    
158.38499    0.73042    -0.00091    0.18599    0.55070    -0.01773    
158.75771    0.72977    -0.00077    0.18657    0.55081    -0.02020    
159.13029    0.73162    0.00046    0.18622    0.54929    -0.01693    
159.50301    0.72851    0.00088    0.18558    0.55233    -0.01705    
159.87570    0.73039    0.00145    0.18667    0.55091    -0.01772    
160.24831    0.72990    0.00221    0.18655    0.55092    -0.01625    
160.62100    0.72913    0.00309    0.18568    0.55101    -0.01713    
160.99370    0.72958    0.00373    0.18647    0.55104    -0.01809    
161.36630    0.73041    0.00435    0.18592    0.55108    -0.01601    
161.73900    0.73127    0.00719    0.18605    0.55274    -0.01774    
162.11169    0.72897    0.00824    0.18486    0.55126    -0.01543    
162.48441    0.72782    0.00914    0.18532    0.55133    -0.01388    
162.85699    0.72768    0.00987    0.18386    0.54986    -0.01462    
163.22971    0.72548    0.01098    0.18339    0.54988    -0.01125    
163.60240    0.72868    0.01136    0.18406    0.55438    -0.01165    
163.97510    0.72899    0.01270    0.18338    0.55301    -0.01326    
164.34770    0.72874    0.01410    0.18330    0.55167    -0.01424    
164.72040    0.72633    0.01524    0.18208    0.55165    -0.01033    
165.09309    0.72699    0.01727    0.18219    0.55185    -0.01121    
165.46570    0.72634    0.01887    0.18133    0.55340    -0.00845    
165.83839    0.72594    0.02110    0.18050    0.55356    -0.00750    
166.21111    0.72799    0.02285    0.18019    0.55377    -0.01025    
166.58369    0.72736    0.02566    0.18001    0.55257    -0.01060    
166.95641    0.72652    0.02794    0.17768    0.55268    -0.00854    
167.32910    0.72615    0.03093    0.17687    0.55589    -0.00470    
167.70180    0.72791    0.03395    0.17648    0.55480    -0.00840    
168.07440    0.72519    0.03643    0.17516    0.55352    -0.00543    
168.44710    0.72661    0.03889    0.17473    0.55385    -0.00720    
168.81979    0.72498    0.04177    0.17362    0.55122    -0.00730    
169.19240    0.72122    0.04685    0.17272    0.54452    -0.00871    
169.56509    0.71082    0.05135    0.17177    0.52597    -0.01245    
169.93781    0.68915    0.05485    0.17064    0.49539    -0.01261    
170.31050    0.66600    0.05789    0.16640    0.45878    -0.01670    
170.68311    0.63909    0.05348    0.16153    0.41502    -0.02319    
171.05580    0.62188    0.04438    0.15484    0.38387    -0.02959    
171.42850    0.61434    0.02833    0.14696    0.36985    -0.03072    
171.80110    0.62656    0.01159    0.14166    0.37724    -0.03632    
172.17380    0.64039    -0.00735    0.13837    0.39087    -0.03924    
172.54649    0.66568    -0.02624    0.13392    0.42121    -0.04142    
172.91920    0.68387    -0.03819    0.13368    0.44758    -0.04033    
173.29179    0.70933    -0.04800    0.13560    0.48888    -0.03594    
173.66451    0.72613    -0.05078    0.14225    0.51697    -0.03414    
174.03720    0.73503    -0.04980    0.14978    0.53763    -0.02861    
174.40981    0.73755    -0.04731    0.15637    0.54654    -0.02519    
174.78250    0.73604    -0.04226    0.16047    0.54812    -0.02224    
175.15520    0.73550    -0.03815    0.16405    0.54975    -0.02066    
175.52780    0.73552    -0.03419    0.16700    0.54993    -0.02119    
175.90050    0.73414    -0.03080    0.16891    0.55151    -0.01800    
176.27319    0.73568    -0.02868    0.17143    0.55170    -0.02081    
176.64590    0.73255    -0.02602    0.17293    0.55032    -0.01795    
177.01849    0.73439    -0.02393    0.17405    0.55049    -0.02078    
177.39120    0.73356    -0.02072    0.17532    0.55065    -0.01968    
177.76390    0.73451    -0.02081    0.17625    0.55215    -0.01991    
178.13660    0.73399    -0.01930    0.17758    0.55081    -0.02091    
178.50920    0.73457    -0.01871    0.17841    0.54942    -0.02341    
178.88190    0.73217    -0.01685    0.17862    0.54947    -0.01985    
179.25459    0.73266    -0.01534    0.17871    0.54956    -0.02046    
179.62720    0.73305    -0.01540    0.18024    0.55108    -0.02008    
179.99989    0.73540    -0.01342    0.18072    0.55125    -0.02346    
180.37260    0.73429    -0.01251    0.18120    0.55130    -0.02195    
180.74519    0.73366    -0.01093    0.18249    0.55143    -0.02132    
181.11790    0.73393    -0.01024    0.18254    0.55148    -0.02168    
181.49060    0.73357    -0.00940    0.18317    0.55154    -0.02130    
181.86330    0.73535    -0.00886    0.18354    0.55308    -0.02249    
182.23590    0.73451    -0.00808    0.18477    0.55171    -0.02308    
182.60860    0.73311    -0.00704    0.18449    0.55319    -0.01942    
182.98129    0.73291    -0.00559    0.18443    0.55181    -0.02045    
183.35390    0.73384    -0.00489    0.18461    0.55334    -0.02036    
183.72659    0.73422    -0.00414    0.18540    0.55489    -0.01966    
184.09930    0.73401    -0.00270    0.18533    0.55352    -0.02067    
184.47200    0.73420    -0.00273    0.18608    0.55356    -0.02121    
184.84460    0.73297    -0.00189    0.18581    0.55211    -0.02073    
185.21730    0.73360    -0.00047    0.18664    0.55372    -0.02036    
185.59000    0.73153    0.00055    0.18620    0.55227    -0.01860    
185.96260    0.73153    0.00055    0.18620    0.55227    -0.01860    
186.33530    0.73130    0.00198    0.18613    0.55091    -0.01961    
186.70799    0.72970    0.00224    0.18581    0.55087    -0.01718    
187.08070    0.73147    0.00274    0.18616    0.55242    -0.01837    
187.45329    0.73090    0.00359    0.18603    0.55246    -0.01743    
187.82600    0.73066    0.00501    0.18596    0.55110    -0.01844    
188.19870    0.72991    0.00510    0.18580    0.54963    -0.01875    
188.57130    0.72954    0.00532    0.18503    0.55251    -0.01503    
188.94400    0.73127    0.00719    0.18605    0.55274    -0.01774    
189.31670    0.73057    0.00797    0.18519    0.55129    -0.01786    
189.68930    0.72888    0.00833    0.18485    0.55272    -0.01384    
190.06200    0.72920    0.00969    0.18417    0.55135    -0.01545    
190.43469    0.72840    0.01056    0.18329    0.55136    -0.01398    
190.80740    0.72866    0.01122    0.18333    0.55142    -0.01431    
191.17999    0.72756    0.01280    0.18308    0.55006    -0.01402    
191.55270    0.72798    0.01361    0.18175    0.55299    -0.01125    
191.92540    0.72829    0.01495    0.18107    0.55162    -0.01284    
192.29800    0.72849    0.01637    0.18039    0.55172    -0.01284    
192.67070    0.72805    0.01793    0.18028    0.55330    -0.01063    
193.04340    0.72965    0.01910    0.17918    0.55340    -0.01252    
193.41611    0.72824    0.02078    0.17815    0.55348    -0.01007    
193.78870    0.72968    0.02335    0.17771    0.55374    -0.01187    
194.16141    0.72910    0.02484    0.17687    0.55384    -0.01070    
194.53410    0.72871    0.02770    0.17533    0.55407    -0.00951    
194.90669    0.72724    0.03134    0.17426    0.55293    -0.00835    
195.27940    0.72705    0.03413    0.17348    0.55322    -0.00770    
195.65210    0.72751    0.03741    0.17142    0.55209    -0.00902    
196.02470    0.72740    0.04008    0.17066    0.55094    -0.00995    
196.39740    0.72746    0.04407    0.16922    0.54996    -0.01087    
196.77010    0.72188    0.04950    0.16721    0.54325    -0.00930    
197.14281    0.71250    0.05396    0.16503    0.52760    -0.01121    
197.51540    0.69127    0.05920    0.16158    0.48995    -0.01846    
197.88811    0.66368    0.06183    0.15385    0.45014    -0.01870    
198.26080    0.64382    0.05956    0.14622    0.41553    -0.02473    
198.63350    0.63645    0.05418    0.13667    0.39967    -0.02781    
199.00610    0.64042    0.04303    0.12345    0.39954    -0.02849    
199.37880    0.65900    0.02638    0.11492    0.41425    -0.03478    
199.75150    0.67382    0.00861    0.10948    0.43215    -0.03481    
200.12410    0.69496    -0.01432    0.10510    0.45487    -0.04028    
200.49680    0.70683    -0.03298    0.10503    0.47358    -0.03910    
200.86951    0.72321    -0.04743    0.11247    0.50281    -0.03614    
201.24220    0.73689    -0.05409    0.12438    0.52909    -0.03336    
201.61481    0.74261    -0.05570    0.13841    0.54361    -0.03119    
201.98750    0.74302    -0.05225    0.14812    0.55091    -0.02693    
202.36020    0.74097    -0.04654    0.15574    0.55099    -0.02554    
202.73280    0.73797    -0.04229    0.16020    0.55108    -0.02205    
203.10550    0.73797    -0.03747    0.16463    0.55274    -0.02143    
203.47820    0.73753    -0.03359    0.16819    0.55148    -0.02296    
203.85080    0.73570    -0.03027    0.17071    0.55162    -0.02075    
204.22350    0.73723    -0.02731    0.17250    0.55182    -0.02327    
204.59621    0.73559    -0.02394    0.17361    0.55341    -0.01947    
204.96890    0.73659    -0.02255    0.17526    0.55354    -0.02132    
205.34151    0.73823    -0.02199    0.17778    0.55516    -0.02300    
205.71420    0.73706    -0.01967    0.17823    0.55234    -0.02416    
206.08690    0.73709    -0.01821    0.17894    0.55098    -0.02576    
206.45950    0.73545    -0.01725    0.18003    0.55103    -0.02364    
206.83220    0.73585    -0.01648    0.18083    0.55257    -0.02295    
207.20490    0.73681    -0.01513    0.18246    0.55272    -0.02476    
207.57761    0.73626    -0.01509    0.18306    0.55274    -0.02415    
207.95020    0.73524    -0.01344    0.18283    0.55134    -0.02392    
208.32291    0.73413    -0.01253    0.18331    0.55139    -0.02240    
208.69560    0.73647    -0.01140    0.18449    0.55155    -0.02608    
209.06821    0.73619    -0.00985    0.18442    0.55163    -0.02553    
209.44090    0.73433    -0.00968    0.18546    0.55018    -0.02461    
209.81360    0.73095    -0.00772    0.18475    0.54874    -0.02080    
210.18620    0.73265    -0.00791    0.18581    0.55027    -0.02216    
210.55890    0.73386    -0.00651    0.18605    0.55185    -0.02243    
210.93159    0.73376    -0.00581    0.18744    0.55196    -0.02270    
211.30431    0.73506    -0.00451    0.18768    0.55207    -0.02456    
211.67690    0.73205    -0.00419    0.18707    0.54909    -0.02289    
212.04961    0.73195    -0.00268    0.18773    0.54922    -0.02285    
212.42230    0.72978    -0.00157    0.18729    0.54923    -0.01950    
212.79500    0.73024    -0.00092    0.18808    0.54932    -0.02037    
213.16760    0.73250    -0.00117    0.18855    0.55228    -0.02089    
213.54030    0.73238    0.00033    0.18921    0.55242    -0.02084    
213.91299    0.73171    0.00112    0.18835    0.55096    -0.02098    
214.28560    0.73113    0.00197    0.18822    0.55100    -0.02005    
214.65829    0.72979    0.00290    0.18794    0.55102    -0.01797    
215.03101    0.73156    0.00340    0.18829    0.55257    -0.01915    
215.40370    0.73258    0.00398    0.18848    0.55265    -0.02064    
215.77631    0.72972    0.00588    0.18717    0.55121    -0.01741    
216.14900    0.73008    0.00660    0.18794    0.55276    -0.01669    
216.52170    0.73172    0.00781    0.18684    0.55284    -0.01861    
216.89430    0.73012    0.00808    0.18651    0.55281    -0.01618    
217.26700    0.73231    0.00997    0.18693    0.55449    -0.01791    
217.63969    0.73198    0.01146    0.18683    0.55459    -0.01730    
218.01230    0.73069    0.01306    0.18584    0.55320    -0.01648    
218.38499    0.72829    0.01421    0.18463    0.55318    -0.01257    
218.75771    0.72991    0.01539    0.18352    0.55327    -0.01447    
219.13040    0.72956    0.01686    0.18343    0.55339    -0.01386    
219.50301    0.72816    0.01855    0.18241    0.55347    -0.01142    
219.87570    0.72941    0.02117    0.18121    0.55368    -0.01269    
220.24840    0.73162    0.02164    0.18097    0.55668    -0.01288    
220.62100    0.72995    0.02468    0.17987    0.55544    -0.01140    
220.99370    0.72910    0.02751    0.17894    0.55421    -0.01121    
221.36639    0.73077    0.03009    0.17715    0.55591    -0.01146    
221.73911    0.72857    0.03446    0.17521    0.55337    -0.01039    
222.11169    0.72755    0.03807    0.17354    0.55371    -0.00823    
222.48441    0.72706    0.04161    0.17128    0.55407    -0.00667    
222.85710    0.72880    0.04402    0.16954    0.55437    -0.00851    
223.22971    0.72827    0.04942    0.16727    0.55360    -0.00825    
223.60240    0.72964    0.05318    0.16547    0.55416    -0.00947    
223.97510    0.72764    0.05792    0.16287    0.54753    -0.01285    
224.34770    0.71869    0.06239    0.15935    0.53196    -0.01485    
224.72040    0.70203    0.06800    0.15325    0.50185    -0.02009    
225.09309    0.67764    0.07174    0.14523    0.46392    -0.02242    
225.46581    0.65327    0.07156    0.13246    0.42234    -0.02793    
225.83839    0.64003    0.06699    0.11813    0.39645    -0.03243    
226.21111    0.64665    0.05114    0.10328    0.39582    -0.03642    
226.58380    0.66817    0.03203    0.09383    0.41915    -0.03800    
226.95650    0.69549    0.00823    0.08888    0.45296    -0.03963    
227.32910    0.72453    -0.01397    0.08793    0.49200    -0.04187    
227.70180    0.74245    -0.03558    0.09073    0.52088    -0.04090    
228.07449    0.75237    -0.04861    0.09483    0.53833    -0.04016    
228.44710    0.75538    -0.05479    0.10188    0.54818    -0.03690    
228.81979    0.75325    -0.05611    0.11039    0.55053    -0.03327    
229.19250    0.74987    -0.05584    0.11797    0.55009    -0.03033    
229.56509    0.74757    -0.05562    0.12525    0.55124    -0.02748    
229.93781    0.74407    -0.05378    0.13158    0.54955    -0.02537    
230.31050    0.74229    -0.05212    0.13916    0.54942    -0.02472    
230.68320    0.74327    -0.04992    0.14602    0.54946    -0.02788    
231.05580    0.73859    -0.04634    0.15002    0.54795    -0.02328    
231.42850    0.73833    -0.04387    0.15367    0.54948    -0.02226    
231.80119    0.73933    -0.04159    0.15906    0.55110    -0.02361    
232.17380    0.73885    -0.03921    0.16190    0.55120    -0.02353    
232.54649    0.73678    -0.03662    0.16436    0.55127    -0.02100    
232.91920    0.73804    -0.03447    0.16830    0.55147    -0.02383    
233.29190    0.73698    -0.03281    0.17026    0.55156    -0.02272    
233.66451    0.73748    -0.03051    0.17182    0.55169    -0.02372    
234.03720    0.73737    -0.02968    0.17326    0.55322    -0.02247    
234.40990    0.73773    -0.02746    0.17406    0.55188    -0.02449    
234.78250    0.73736    -0.02588    0.17614    0.55200    -0.02447    
235.15520    0.73554    -0.02490    0.17648    0.55202    -0.02184    
235.52789    0.73644    -0.02341    0.17812    0.55361    -0.02209    
235.90060    0.73677    -0.02122    0.17889    0.55229    -0.02407    
236.27319    0.73588    -0.02034    0.18014    0.55236    -0.02310    
236.64590    0.73406    -0.01789    0.18118    0.55102    -0.02205    
237.01860    0.73501    -0.01715    0.18138    0.55254    -0.02197    
237.39120    0.73316    -0.01617    0.18171    0.55257    -0.01931    
237.76390    0.73412    -0.01398    0.18261    0.55274    -0.02082    
238.13660    0.73310    -0.01316    0.18310    0.55132    -0.02088    
238.50929    0.73358    -0.01249    0.18391    0.55141    -0.02178    
238.88190    0.73191    -0.01071    0.18427    0.55148    -0.01934    
239.25459    0.73162    -0.00996    0.18492    0.55154    -0.01909    
239.62730    0.73265    -0.00934    0.18512    0.55162    -0.02060    
239.99989    0.72974    -0.00672    0.18522    0.55026    -0.01767    
240.37260    0.73021    -0.00749    0.18533    0.55168    -0.01700    
240.74530    0.73321    -0.00637    0.18664    0.55333    -0.02022    
241.11800    0.73142    -0.00466    0.18625    0.55192    -0.01882    
241.49060    0.73142    -0.00466    0.18625    0.55192    -0.01882    
241.86330    0.73131    -0.00315    0.18692    0.55205    -0.01879    
242.23599    0.73055    -0.00226    0.18604    0.55205    -0.01733    
242.60860    0.72930    -0.00142    0.18578    0.55061    -0.01685    
242.98129    0.73024    -0.00073    0.18596    0.55214    -0.01675    
243.35400    0.73022    0.00008    0.18525    0.55362    -0.01498    
243.72670    0.72935    0.00166    0.18575    0.55228    -0.01524    
244.09930    0.72858    0.00254    0.18487    0.55228    -0.01379    
244.47200    0.72864    0.00325    0.18417    0.55230    -0.01360    
244.84470    0.72908    0.00468    0.18423    0.55242    -0.01416    
245.21730    0.72724    0.00637    0.18383    0.55103    -0.01273    
245.59000    0.72767    0.00720    0.18250    0.55396    -0.00997    
245.96271    0.72869    0.00778    0.18270    0.55403    -0.01146    
246.33530    0.72799    0.00856    0.18183    0.55258    -0.01157    
246.70799    0.72660    0.01028    0.18081    0.55264    -0.00916    
247.08070    0.72716    0.01229    0.18017    0.55133    -0.01110    
247.45340    0.72495    0.01340    0.17970    0.55135    -0.00772    
247.82600    0.72380    0.01576    0.17872    0.55148    -0.00563    
248.19870    0.72553    0.01700    0.17835    0.55307    -0.00646    
248.57140    0.72445    0.01925    0.17738    0.55175    -0.00594    
248.94400    0.72383    0.02153    0.17579    0.55188    -0.00444    
249.31670    0.72505    0.02415    0.17460    0.55212    -0.00570    
249.68941    0.72249    0.02738    0.17330    0.55234    -0.00146    
250.06210    0.72462    0.03057    0.17231    0.55415    -0.00258    
250.43469    0.72707    0.03425    0.17138    0.55460    -0.00562    
250.80740    0.72381    0.03746    0.16992    0.55194    -0.00328    
251.18010    0.72494    0.04071    0.16801    0.55231    -0.00416    
251.55270    0.72293    0.04500    0.16681    0.54989    -0.00362    
251.92540    0.72028    0.05047    0.16613    0.54186    -0.00811    
252.29810    0.70685    0.05539    0.16444    0.51893    -0.01181    
252.67070    0.68554    0.06041    0.16105    0.49000    -0.01048    
253.04340    0.66560    0.05947    0.15806    0.45575    -0.01668    
253.41611    0.64332    0.05673    0.15078    0.41808    -0.02256    
253.78880    0.62036    0.04585    0.14084    0.38207    -0.02547    
254.16141    0.61573    0.03105    0.13000    0.36826    -0.02947    
254.53410    0.62797    0.00940    0.12228    0.37534    -0.03481    
254.90680    0.64144    -0.01324    0.11971    0.38751    -0.03925    
255.27940    0.66094    -0.03354    0.11726    0.41508    -0.03749    
255.65210    0.68124    -0.04732    0.11706    0.44463    -0.03630    
256.02481    0.70664    -0.05443    0.12330    0.48601    -0.03247    
256.39749    0.72684    -0.05635    0.13115    0.51849    -0.03120    
256.77011    0.73418    -0.05533    0.13988    0.53755    -0.02515    
257.14279    0.73798    -0.05191    0.14761    0.54933    -0.02084    
257.51550    0.73700    -0.04852    0.15256    0.55083    -0.01903    
257.88821    0.73546    -0.04363    0.15592    0.54946    -0.01872    
258.26080    0.73292    -0.04014    0.15830    0.54950    -0.01539    
258.63351    0.73296    -0.03776    0.16054    0.54961    -0.01587    
259.00620    0.73267    -0.03539    0.16416    0.54975    -0.01632    
259.37881    0.73117    -0.03292    0.16603    0.54838    -0.01593    
259.75150    0.73085    -0.03045    0.16744    0.54995    -0.01421    
260.12421    0.73147    -0.02893    0.17051    0.55157    -0.01445    
260.49689    0.73099    -0.02739    0.17186    0.55020    -0.01550    
260.86951    0.73192    -0.02589    0.17353    0.55179    -0.01576    
261.24219    0.73092    -0.02506    0.17403    0.55036    -0.01586    
261.61490    0.73068    -0.02345    0.17398    0.55042    -0.01535    
261.98749    0.73271    -0.02224    0.17659    0.55061    -0.01900    
262.36020    0.73032    -0.02122    0.17752    0.54919    -0.01721    
262.73291    0.73044    -0.02031    0.17756    0.55214    -0.01441    
263.10550    0.72992    -0.01879    0.17889    0.55079    -0.01540    
263.47821    0.73136    -0.01737    0.17991    0.55239    -0.01623    
263.85089    0.73035    -0.01654    0.18041    0.55097    -0.01631    
264.22351    0.73063    -0.01583    0.18046    0.55102    -0.01668    
264.59619    0.72841    -0.01399    0.18143    0.55110    -0.01364    
264.96890    0.72889    -0.01331    0.18225    0.55119    -0.01454    
265.34161    0.72861    -0.01173    0.18218    0.55126    -0.01399    
265.71420    0.72945    -0.01128    0.18377    0.54846    -0.01860    
266.08691    0.72710    -0.01013    0.18256    0.54843    -0.01474    
266.45959    0.72729    -0.00933    0.18260    0.54993    -0.01350    
266.83221    0.72871    -0.00795    0.18360    0.55154    -0.01431    
267.20490    0.72815    -0.00791    0.18420    0.55156    -0.01369    
267.57761    0.72853    -0.00715    0.18500    0.55310    -0.01299    
267.95029    0.72889    -0.00573    0.18433    0.55171    -0.01463    
268.32291    0.72776    -0.00482    0.18480    0.55177    -0.01310    
268.69559    0.72850    -0.00408    0.18424    0.55326    -0.01247    
269.06830    0.73000    -0.00363    0.18596    0.55340    -0.01516    
269.44089    0.72772    -0.00258    0.18477    0.55191    -0.01287    
269.81360    0.72715    -0.00172    0.18465    0.55195    -0.01195    
270.18631    0.72742    -0.00103    0.18469    0.55200    -0.01230    
270.55899    0.72844    -0.00043    0.18489    0.55207    -0.01380    
270.93161    0.72589    -0.00006    0.18365    0.55053    -0.01116    
271.30429    0.72653    0.00136    0.18448    0.55214    -0.01079    
271.67700    0.72575    0.00225    0.18360    0.55214    -0.00933    
272.04971    0.72543    0.00378    0.18351    0.55224    -0.00875    
272.42230    0.72532    0.00467    0.18277    0.55373    -0.00684    
272.79501    0.72649    0.00587    0.18227    0.55236    -0.00973    
273.16769    0.72665    0.00662    0.18230    0.55388    -0.00848    
273.54031    0.72557    0.00822    0.18205    0.55251    -0.00820    
273.91299    0.72588    0.00958    0.18137    0.55114    -0.00980    
274.28571    0.72372    0.01140    0.18019    0.55118    -0.00623    
274.65839    0.72444    0.01209    0.17963    0.55268    -0.00559    
275.03101    0.72465    0.01353    0.17894    0.55278    -0.00559    
275.40369    0.72571    0.01478    0.17843    0.55289    -0.00687    
275.77640    0.72451    0.01645    0.17815    0.55299    -0.00497    
276.14899    0.72416    0.01792    0.17806    0.55311    -0.00436    
276.52170    0.72434    0.02079    0.17592    0.55329    -0.00380    
276.89441    0.72240    0.02322    0.17475    0.55198    -0.00200    
277.26700    0.72298    0.02598    0.17414    0.55370    -0.00104    
277.63971    0.72365    0.02863    0.17354    0.55396    -0.00167    
278.01239    0.72250    0.03226    0.17111    0.55279    -0.00057    
278.38501    0.72239    0.03497    0.17034    0.55162    -0.00151    
278.75769    0.72283    0.03761    0.16899    0.55044    -0.00305    
279.13040    0.72194    0.04193    0.16734    0.55238    0.00039    
279.50311    0.72246    0.04649    0.16670    0.55154    -0.00140    
279.87570    0.71870    0.05157    0.16579    0.54489    -0.00281    
280.24841    0.70955    0.05665    0.16364    0.52792    -0.00653    
280.62109    0.69213    0.06084    0.16254    0.50049    -0.00963    
280.99371    0.66689    0.06292    0.15684    0.45926    -0.01492    
281.36639    0.63538    0.06109    0.14822    0.41274    -0.01747    
281.73911    0.61708    0.05097    0.13926    0.37979    -0.02375    
282.11179    0.61364    0.03207    0.13030    0.36542    -0.02988    
282.48441    0.62237    0.01090    0.12416    0.37095    -0.03269    
282.85709    0.64134    -0.01575    0.11963    0.38885    -0.03782    
283.22980    0.65713    -0.03235    0.11867    0.41208    -0.03571    
283.60239    0.67567    -0.04357    0.11874    0.43864    -0.03477    
283.97510    0.69692    -0.04917    0.12454    0.47115    -0.03342    
284.34781    0.71362    -0.05085    0.13218    0.50356    -0.02674    
284.72049    0.72650    -0.04918    0.14244    0.53009    -0.02144    
285.09311    0.73178    -0.04761    0.14978    0.54194    -0.01930    
285.46579    0.73362    -0.04283    0.15547    0.54505    -0.02021    
285.83850    0.73162    -0.04169    0.15797    0.54798    -0.01503    
286.21121    0.73317    -0.03865    0.16205    0.54963    -0.01672    
286.58380    0.73161    -0.03608    0.16391    0.54971    -0.01478    
286.95651    0.73064    -0.03289    0.16664    0.54839    -0.01535    
287.32919    0.73104    -0.02973    0.16968    0.55005    -0.01511    
287.70181    0.73048    -0.02810    0.17102    0.55014    -0.01457    
288.07449    0.73000    -0.02656    0.17237    0.54877    -0.01560    
288.44720    0.73047    -0.02427    0.17393    0.54892    -0.01656    
288.81989    0.72913    -0.02258    0.17510    0.54901    -0.01484    
289.19250    0.72908    -0.02100    0.17581    0.54910    -0.01487    
289.56519    0.72848    -0.01939    0.17713    0.54921    -0.01428    
289.93790    0.72946    -0.01801    0.17878    0.54936    -0.01609    
290.31049    0.72968    -0.01573    0.17954    0.54951    -0.01646    
290.68320    0.72877    -0.01484    0.18078    0.54959    -0.01548    
291.05591    0.72690    -0.01385    0.18112    0.54961    -0.01281    
291.42850    0.72945    -0.01336    0.18164    0.55117    -0.01515    
291.80121    0.73001    -0.01277    0.18246    0.54979    -0.01764    
292.17389    0.72917    -0.01115    0.18300    0.54988    -0.01648    
292.54651    0.72710    -0.01013    0.18256    0.54843    -0.01474    
292.91919    0.72645    -0.00854    0.18385    0.54856    -0.01409    
293.29190    0.72683    -0.00778    0.18465    0.55011    -0.01339    
293.66461    0.72985    -0.00809    0.18527    0.55309    -0.01505    
294.03720    0.72965    -0.00662    0.18520    0.55171    -0.01608    
294.40991    0.72814    -0.00647    0.18489    0.55022    -0.01525    
294.78259    0.72758    -0.00642    0.18550    0.55024    -0.01463    
295.15521    0.72747    -0.00489    0.18617    0.55036    -0.01459    
295.52789    0.72746    -0.00347    0.18685    0.54903    -0.01615    
295.90060    0.72452    -0.00227    0.18626    0.54902    -0.01165    
296.27328    0.72452    -0.00227    0.18626    0.54902    -0.01165    
296.64590    0.72742    -0.00123    0.18682    0.54917    -0.01592    
297.01859    0.72564    -0.00175    0.18646    0.54763    -0.01474    
297.39130    0.72375    -0.00137    0.18538    0.54902    -0.01020    
297.76389    0.72619    -0.00023    0.18728    0.55070    -0.01278    
298.13660    0.72504    0.00068    0.18775    0.55076    -0.01123    
298.50931    0.72691    0.00190    0.18739    0.55087    -0.01370    
298.88199    0.72614    0.00198    0.18724    0.55085    -0.01255    
299.25461    0.72487    0.00363    0.18624    0.54944    -0.01175    
299.62729    0.72429    0.00448    0.18611    0.54948    -0.01082    
300.00000    0.72446    0.00525    0.18614    0.55100    -0.00957    
300.37271    0.72651    0.00641    0.18652    0.55115    -0.01255    
300.74530    0.72338    0.00685    0.18589    0.54963    -0.00929    
301.11801    0.72411    0.00756    0.18532    0.55112    -0.00866    
301.49069    0.72530    0.00889    0.18554    0.55272    -0.00889    
301.86331    0.72592    0.00953    0.18424    0.55272    -0.00932    
302.23599    0.72533    0.01037    0.18410    0.55277    -0.00838    
302.60870    0.72508    0.01178    0.18402    0.55142    -0.00937    
302.98129    0.72485    0.01260    0.18254    0.55141    -0.00851    
303.35400    0.72298    0.01428    0.18212    0.55004    -0.00707    
303.72672    0.72310    0.01580    0.18142    0.55160    -0.00547    
304.09940    0.72411    0.01781    0.18017    0.55175    -0.00642    
304.47198    0.72142    0.02035    0.17886    0.55040    -0.00348    
304.84470    0.72161    0.02176    0.17816    0.55051    -0.00347    
305.21741    0.72175    0.02394    0.17674    0.55212    -0.00165    
305.59000    0.72392    0.02572    0.17718    0.55383    -0.00333    
305.96271    0.72200    0.02880    0.17530    0.55257    -0.00131    
306.33539    0.72343    0.03133    0.17486    0.55286    -0.00309    
306.70801    0.72357    0.03466    0.17413    0.55177    -0.00436    
307.08069    0.72298    0.03612    0.17328    0.55189    -0.00318    
307.45340    0.72500    0.03298    0.17234    0.55007    -0.00739    
307.82599    0.71797    0.04544    0.17133    0.54272    -0.00520    
308.19870    0.70762    0.04934    0.17184    0.52704    -0.00665    
308.57141    0.68795    0.05105    0.17118    0.49624    -0.00988    
308.94409    0.66199    0.04937    0.17021    0.45608    -0.01443    
309.31671    0.64079    0.04096    0.16757    0.42230    -0.01889    
309.68939    0.62877    0.02751    0.16540    0.39709    -0.02718    
310.06210    0.62101    0.01380    0.16252    0.38245    -0.03058    
310.43481    0.63096    -0.00582    0.15835    0.38845    -0.03556    
310.80740    0.64031    -0.01960    0.15142    0.39650    -0.03762    
311.18011    0.65380    -0.03181    0.14629    0.41228    -0.03842    
311.55280    0.67258    -0.03834    0.14431    0.44162    -0.03393    
311.92542    0.69322    -0.04070    0.14544    0.47118    -0.03312    
312.29810    0.71399    -0.04190    0.15135    0.50668    -0.02877    
312.67081    0.72750    -0.03965    0.15843    0.53337    -0.02360    
313.04349    0.73237    -0.03802    0.16258    0.54527    -0.02003    
313.41611    0.73085    -0.03453    0.16668    0.54835    -0.01583    
313.78879    0.73083    -0.03056    0.16962    0.54856    -0.01631    
314.16150    0.73099    -0.02739    0.17186    0.55020    -0.01550    
314.53409    0.72934    -0.02484    0.17369    0.55033    -0.01345    
314.90680    0.73118    -0.02275    0.17481    0.55049    -0.01627    
315.27951    0.73059    -0.02113    0.17614    0.55060    -0.01569    
315.65219    0.72877    -0.01867    0.17719    0.54925    -0.01464    
316.02481    0.72926    -0.01798    0.17801    0.54933    -0.01556    
316.39749    0.72920    -0.01641    0.17872    0.54943    -0.01556    
316.77020    0.73043    -0.01580    0.17970    0.55099    -0.01614    
317.14279    0.73036    -0.01424    0.18040    0.55109    -0.01614    
317.51550    0.73160    -0.01364    0.18136    0.55119    -0.01819    
317.88821    0.73132    -0.01289    0.18202    0.55125    -0.01793    
318.26080    0.72926    -0.01187    0.18158    0.54978    -0.01620    
318.63351    0.73012    -0.01043    0.18319    0.55141    -0.01639    
319.00620    0.73040    -0.00973    0.18324    0.55146    -0.01675    
319.37891    0.73087    -0.00907    0.18405    0.55154    -0.01764    
319.75150    0.73106    -0.00910    0.18480    0.55158    -0.01818    
320.12421    0.72927    -0.00738    0.18441    0.55017    -0.01678    
320.49689    0.72945    -0.00659    0.18445    0.55168    -0.01555    
320.86951    0.72965    -0.00662    0.18520    0.55171    -0.01608    
321.24219    0.73115    -0.00535    0.18620    0.55187    -0.01847    
321.61490    0.72831    -0.00425    0.18562    0.55039    -0.01557    
321.98749    0.72914    -0.00361    0.18506    0.55043    -0.01654    
322.36020    0.72718    -0.00334    0.18609    0.55045    -0.01403    
322.73291    0.72847    -0.00205    0.18633    0.55058    -0.01588    
323.10559    0.72790    -0.00119    0.18621    0.55062    -0.01495    
323.47821    0.72739    0.00038    0.18537    0.55068    -0.01384    
323.85089    0.72692    0.00034    0.18599    0.54923    -0.01482    
324.22360    0.72711    0.00031    0.18674    0.54927    -0.01535    
324.59631    0.72424    0.00222    0.18541    0.54782    -0.01213    
324.96890    0.72602    0.00273    0.18577    0.54937    -0.01331    
325.34161    0.72685    0.00335    0.18522    0.54941    -0.01427    
325.71429    0.72533    0.00352    0.18490    0.54791    -0.01344    
326.08691    0.72627    0.00420    0.18508    0.54945    -0.01334    
326.45959    0.72568    0.00505    0.18495    0.54950    -0.01240    
326.83231    0.72490    0.00593    0.18407    0.54950    -0.01094    
327.20499    0.72495    0.00664    0.18336    0.54952    -0.01075    
327.57761    0.72493    0.00743    0.18263    0.54955    -0.01043    
327.95029    0.72528    0.00800    0.18269    0.54815    -0.01236    
328.32300    0.72307    0.00912    0.18222    0.54816    -0.00900    
328.69559    0.72227    0.01000    0.18133    0.54818    -0.00753    
329.06830    0.72470    0.01034    0.18111    0.54825    -0.01090    
329.44101    0.72259    0.01136    0.18065    0.54681    -0.00913    
329.81369    0.72322    0.01215    0.18007    0.54977    -0.00689    
330.18631    0.72216    0.01443    0.17910    0.54844    -0.00639    
330.55899    0.72236    0.01586    0.17840    0.54854    -0.00639    
330.93170    0.72363    0.01706    0.17865    0.54868    -0.00820    
331.30429    0.72200    0.01881    0.17686    0.54872    -0.00523    
331.67700    0.72372    0.02003    0.17650    0.55032    -0.00605    
332.04971    0.72290    0.02090    0.17560    0.55034    -0.00456    
332.42230    0.72218    0.02383    0.17541    0.55060    -0.00331    
332.79501    0.72215    0.02527    0.17396    0.55068    -0.00276    
333.16769    0.72304    0.02788    0.17411    0.55099    -0.00393    
333.54031    0.72263    0.03075    0.17257    0.55122    -0.00274    
333.91299    0.72198    0.03353    0.17239    0.55006    -0.00306    
334.28571    0.72279    0.03683    0.17181    0.55045    -0.00388    
334.65839    0.72268    0.03952    0.17104    0.54931    -0.00482    
335.03101    0.72229    0.04351    0.17019    0.54688    -0.00672    
335.40369    0.71756    0.04672    0.17051    0.53994    -0.00722    
335.77640    0.70986    0.04960    0.17089    0.52709    -0.00947    
336.14899    0.69233    0.05173    0.16918    0.49926    -0.01232    
336.52170    0.66655    0.05286    0.16508    0.45790    -0.01732    
336.89441    0.64478    0.04920    0.15815    0.42305    -0.02095    
337.26709    0.63214    0.04036    0.14997    0.39938    -0.02513    
337.63971    0.63322    0.02733    0.14075    0.39474    -0.02758    
338.01239    0.64464    0.00860    0.13146    0.40055    -0.03317    
338.38510    0.65931    -0.01171    0.12776    0.41718    -0.03482    
338.75781    0.67870    -0.02995    0.12620    0.44178    -0.03657    
339.13040    0.69588    -0.03886    0.12912    0.47117    -0.03220    
339.50311    0.72022    -0.04617    0.13704    0.51102    -0.02962    
339.87579    0.73330    -0.04820    0.14641    0.53321    -0.02934    
340.24841    0.73487    -0.04626    0.15351    0.54354    -0.02326    
340.62109    0.73707    -0.04318    0.15997    0.54812    -0.02367    
340.99380    0.73454    -0.03733    0.16456    0.54829    -0.02079    
341.36649    0.73274    -0.03399    0.16711    0.54842    -0.01863    
341.73911    0.73145    -0.02983    0.16830    0.54855    -0.01674    
342.11179    0.73448    -0.02783    0.17117    0.55024    -0.02037    
342.48450    0.73434    -0.02542    0.17333    0.55186    -0.01915    
342.85709    0.73310    -0.02298    0.17378    0.55049    -0.01875    
343.22980    0.73251    -0.02137    0.17510    0.55059    -0.01817    
343.60251    0.73350    -0.01999    0.17675    0.55074    -0.02000    
343.97519    0.73249    -0.01917    0.17725    0.54931    -0.02008    
344.34781    0.73348    -0.01696    0.17817    0.54948    -0.02161    
344.72049    0.73134    -0.01669    0.17844    0.54945    -0.01858    
345.09320    0.73361    -0.01544    0.17964    0.55107    -0.02069    
345.46579    0.73250    -0.01452    0.18012    0.55111    -0.01917    
345.83850    0.73298    -0.01385    0.18094    0.55119    -0.02007    
346.21121    0.73291    -0.01230    0.18162    0.55130    -0.02006    
346.58380    0.73263    -0.01073    0.18156    0.55138    -0.01951    
346.95651    0.73290    -0.01004    0.18161    0.55142    -0.01987    
347.32919    0.73207    -0.00925    0.18285    0.55005    -0.02047    
347.70181    0.73104    -0.00843    0.18334    0.54864    -0.02053    
348.07449    0.73048    -0.00757    0.18322    0.54868    -0.01961    
348.44720    0.73030    -0.00676    0.18461    0.55024    -0.01829    
348.81989    0.73264    -0.00628    0.18438    0.55176    -0.02010    
349.19250    0.73047    -0.00455    0.18534    0.55041    -0.01861    
349.56519    0.72990    -0.00369    0.18521    0.55045    -0.01769    
349.93790    0.73037    -0.00304    0.18601    0.55054    -0.01857    
350.31049    0.73063    -0.00235    0.18606    0.55059    -0.01892    
350.68320    0.73015    -0.00159    0.18594    0.54917    -0.01959    
351.05591    0.72873    -0.00056    0.18565    0.55065    -0.01592    
351.42859    0.72919    0.00009    0.18645    0.55074    -0.01680    
351.80121    0.73022    0.00068    0.18664    0.55081    -0.01830    
352.17389    0.73039    0.00145    0.18667    0.55233    -0.01705    
352.54660    0.72830    0.00247    0.18623    0.55088    -0.01529    
352.91931    0.72925    0.00235    0.18714    0.55240    -0.01550    
353.29190    0.72742    0.00404    0.18674    0.55100    -0.01408    
353.66461    0.72844    0.00463    0.18694    0.55108    -0.01557    
354.03729    0.72709    0.00556    0.18666    0.55110    -0.01349    
354.40991    0.72729    0.00553    0.18740    0.55114    -0.01402    
354.78259    0.72733    0.00702    0.18597    0.55119    -0.01352    
355.15530    0.72683    0.00777    0.18585    0.54977    -0.01417    
355.52802    0.72548    0.00871    0.18557    0.54980    -0.01209    
355.90060    0.72469    0.00959    0.18468    0.54981    -0.01062    
356.27328    0.72562    0.01025    0.18486    0.55135    -0.01050    
356.64600    0.72635    0.01094    0.18429    0.55285    -0.00987    
357.01859    0.72585    0.01169    0.18417    0.55144    -0.01052    
357.39130    0.72530    0.01322    0.18333    0.55152    -0.00938    
357.76401    0.72506    0.01404    0.18185    0.55151    -0.00852    
358.13669    0.72471    0.01552    0.18175    0.55163    -0.00791    
358.50931    0.72445    0.01691    0.18167    0.55028    -0.00888    
358.88199    0.72421    0.01772    0.18018    0.55028    -0.00802    
359.25470    0.72304    0.02007    0.17920    0.55043    -0.00591    
359.62729    0.72556    0.02186    0.17828    0.55207    -0.00768    
