TITLE:  An Experimental Investigation of the Flow through an Axial-Flow Pump
AUTHORS:  Zierke, Straka, and Taylor
JOURNAL PAPER FIGURE(S):  NA
PSU/ARL TR 93-12 FIGURE(S):  28f
*****************************************************************************
DATA TITLE:  Circumferential Variation of Velocity and Pressure Downstream of 
             IGV Trailing Edge Measured with 5-Hole Probes (61.9% span)
MEASUREMENT TYPE:  5-hole probe wake rake survey
MEASUREMENT LOCATION:  49.7% IGV chord axially downstream of IGV trailing 
                       edge, at 61.9% span
NOMINAL CONDITIONS:  
  vinf = 35.0 ft/sec
  pref = 43.2 psia
  rho  = 1.932 slugs/ft^3
  rotor rpm  = 260
  Utip = 47.6 ft/sec
  IGV chord = 6.90 inches
  IGV span  = 10.50 inches
DATA COLUMNS:
  1 -- circumferential position in degrees
  2 -- nondimensional axial velocity, Vz / Utip,  [uncertainty: 0.02]
  3 -- nondimensional radial velocity, Vr / Utip,  [uncertainty: 0.02] 
  4 -- nondimensional tangential velocity, Vtheta / Utip,  [uncertainty: 0.02] 
  5 -- total pressure coefficient, Kpt = (ptot - pref) / (0.5 * rho * Utip^2)
  6 -- static pressure coefficient, Kpt = (psta - pref) / (0.5 * rho * Utip^2)
*****************************************************************************
0.37270    0.72730    -0.03330    0.16810    0.55620    0.00236    
0.74530    0.72510    -0.03310    0.16830    0.55659    0.00400    
1.11800    0.72550    -0.03380    0.16840    0.55515    0.00623    
1.49070    0.72590    -0.03450    0.16850    0.55574    0.00616    
1.86340    0.72500    -0.03590    0.16740    0.55410    0.00688    
2.23600    0.72460    -0.03510    0.16720    0.55607    0.00518    
2.60870    0.72230    -0.03520    0.16660    0.55633    0.00715    
2.98140    0.71310    -0.03590    0.16310    0.55600    0.00577    
3.35400    0.69140    -0.03090    0.15500    0.55522    0.00964    
3.72670    0.67700    -0.02260    0.14470    0.54027    0.00426    
4.09940    0.68480    -0.01580    0.13950    0.50710    -0.00400    
4.47210    0.69920    -0.00940    0.14090    0.50651    -0.00931    
4.84470    0.71450    0.00200    0.14610    0.53299    -0.01200    
5.21740    0.71910    0.00940    0.14860    0.54997    -0.00964    
5.59010    0.72020    0.01250    0.14990    0.55495    -0.00715    
5.96270    0.72000    0.01410    0.14990    0.55456    -0.00715    
6.33540    0.72090    0.01600    0.15020    0.55443    -0.00872    
6.70810    0.71940    0.01830    0.14980    0.55607    -0.01075    
7.08070    0.72040    0.01690    0.15010    0.55436    -0.00983    
7.45340    0.72080    0.01610    0.15020    0.55430    -0.00833    
7.82610    0.72120    0.01470    0.15110    0.55273    -0.00911    
8.19880    0.72140    0.01180    0.15030    0.55286    -0.00852    
8.57140    0.72280    0.00970    0.15070    0.55286    -0.00931    
8.94410    0.72590    0.00710    0.15160    0.55292    -0.00931    
9.31680    0.72530    0.00570    0.15140    0.55122    -0.00688    
9.68940    0.72700    0.00410    0.15190    0.55141    -0.01134    
10.06210    0.72700    0.00410    0.15190    0.55141    -0.01101    
10.43480    0.72700    0.00150    0.15100    0.55338    -0.01023    
10.80750    0.72700    0.00150    0.15100    0.55345    -0.00951    
11.18010    0.72660    0.00000    0.15160    0.55351    -0.01056    
11.55280    0.72770    -0.00080    0.15110    0.55187    -0.01016    
11.92550    0.72940    -0.00230    0.15170    0.55200    -0.00937    
12.29810    0.72970    -0.00290    0.15180    0.55220    -0.01219    
12.67080    0.72830    -0.00420    0.15120    0.55404    -0.01167    
13.04350    0.72820    -0.00500    0.15200    0.55404    -0.00990    
13.41620    0.72870    -0.00490    0.15140    0.55246    -0.01292    
13.78880    0.72880    -0.00630    0.15140    0.55259    -0.01016    
14.16150    0.72900    -0.00780    0.15140    0.55279    -0.01049    
14.53420    0.73040    -0.00860    0.15260    0.55305    -0.01180    
14.90680    0.72970    -0.00870    0.15240    0.55318    -0.01213    
15.27950    0.72920    -0.01000    0.15300    0.55161    -0.01023    
15.65220    0.73040    -0.00950    0.15340    0.55351    -0.01029    
16.02490    0.73150    -0.01100    0.15450    0.55371    -0.01069    
16.39750    0.72990    -0.01080    0.15400    0.55384    -0.01167    
16.77020    0.72870    -0.01130    0.15360    0.55574    -0.01219    
17.14290    0.73000    -0.01230    0.15400    0.55581    -0.01075    
17.51550    0.73050    -0.01160    0.15500    0.55600    -0.00996    
17.88820    0.72950    -0.01360    0.15460    0.55607    -0.01278    
18.26090    0.73010    -0.01300    0.15570    0.55613    -0.00859    
18.63350    0.73050    -0.01370    0.15580    0.55456    -0.01219    
19.00620    0.72960    -0.01430    0.15630    0.55443    -0.00937    
19.37890    0.72930    -0.01510    0.15620    0.55653    -0.01160    
19.75160    0.73000    -0.01600    0.15720    0.55640    -0.01062    
20.12420    0.73050    -0.01670    0.15730    0.55666    -0.01023    
20.49690    0.72950    -0.01720    0.15780    0.55686    -0.00911    
20.86960    0.73010    -0.01800    0.15880    0.55528    -0.00924    
21.24220    0.72650    -0.01760    0.15930    0.55541    -0.01023    
21.61490    0.72660    -0.01900    0.15930    0.55377    -0.00865    
21.98760    0.72580    -0.01980    0.15980    0.55561    -0.00885    
22.36030    0.72900    -0.02020    0.16080    0.55417    -0.00852    
22.73290    0.72740    -0.02130    0.16030    0.55594    -0.00728    
23.10560    0.72650    -0.02130    0.16240    0.55613    -0.00564    
23.47830    0.72610    -0.02190    0.16230    0.55450    -0.00780    
23.85090    0.72300    -0.02160    0.16220    0.55450    -0.00642    
24.22360    0.72560    -0.02200    0.16290    0.55613    -0.00551    
24.59630    0.72300    -0.02240    0.16290    0.55436    -0.00223    
24.96890    0.72360    -0.02320    0.16400    0.55273    -0.00420    
25.34160    0.72330    -0.02390    0.16380    0.55456    -0.00426    
25.71430    0.72420    -0.02400    0.16410    0.55476    -0.00275    
26.08700    0.72480    -0.02480    0.16510    0.55463    -0.00111    
26.45960    0.72390    -0.02550    0.16560    0.55299    -0.00190    
26.83230    0.72220    -0.02520    0.16510    0.55325    -0.00085    
27.20500    0.72310    -0.02750    0.16700    0.55325    0.00052    
27.57760    0.72350    -0.02680    0.16710    0.55345    -0.00033    
27.95030    0.72130    -0.02880    0.16800    0.55371    0.00321    
28.32300    0.72030    -0.02950    0.16860    0.55227    0.00282    
28.69570    0.72100    -0.02900    0.16960    0.55286    0.00341    
29.06830    0.72200    -0.03050    0.17070    0.55312    0.00531    
29.44100    0.72020    -0.03170    0.17260    0.55325    0.00754    
29.81370    0.72150    -0.03260    0.17620    0.55325    0.00892    
30.18630    0.71990    -0.03260    0.17910    0.55515    0.01029    
30.55900    0.71780    -0.03290    0.18260    0.55325    0.00970    
30.93170    0.71270    -0.02900    0.18620    0.55469    0.01285    
31.30430    0.69690    -0.01840    0.18220    0.55220    0.00892    
31.67700    0.67570    -0.00920    0.17160    0.54768    0.00282    
32.04970    0.66660    0.00050    0.15530    0.53050    0.00000    
32.42240    0.69000    0.00640    0.15210    0.50165    -0.00111    
32.79500    0.71330    0.01090    0.15680    0.47386    -0.01010    
33.16770    0.71800    0.01490    0.15670    0.48861    -0.01101    
33.54040    0.71820    0.01760    0.15600    0.52172    -0.01049    
33.91300    0.71860    0.01750    0.15360    0.54637    -0.00557    
34.28570    0.72180    0.01640    0.15300    0.55351    -0.00269    
34.65840    0.72280    0.01500    0.15330    0.55351    -0.00229    
35.03110    0.72240    0.01430    0.15230    0.55371    -0.00570    
35.40370    0.72340    0.01350    0.15180    0.55364    -0.00544    
35.77640    0.72490    0.01200    0.15150    0.55548    -0.00492    
36.14910    0.72480    0.01080    0.15060    0.55200    -0.00498    
36.52170    0.72590    0.00930    0.15170    0.55220    -0.00774    
36.89440    0.72650    0.00720    0.15180    0.55384    -0.00649    
37.26710    0.72660    0.00710    0.15180    0.55574    -0.00459    
37.63980    0.73040    0.00520    0.15140    0.55404    -0.00413    
38.01240    0.72980    0.00400    0.15200    0.55410    -0.00715    
38.38510    0.72940    0.00320    0.15100    0.55410    -0.00479    
38.75780    0.73100    0.00310    0.15150    0.55246    -0.00538    
39.13040    0.73170    0.00090    0.15250    0.55430    -0.00610    
39.50310    0.73080    -0.00110    0.15220    0.55266    -0.00701    
39.87580    0.73050    -0.00160    0.15290    0.55450    -0.00754    
40.24850    0.73180    -0.00250    0.15330    0.55286    -0.00669    
40.62110    0.73190    -0.00390    0.15330    0.55463    -0.00675    
40.99380    0.73200    -0.00400    0.15330    0.55299    -0.00833    
41.36650    0.73340    -0.00420    0.15290    0.55312    -0.00931    
41.73910    0.73240    -0.00470    0.15340    0.55325    -0.00597    
42.11180    0.73400    -0.00640    0.15310    0.55331    -0.00760    
42.48450    0.73560    -0.00650    0.15360    0.55168    -0.00852    
42.85710    0.73500    -0.00710    0.15260    0.55358    -0.00964    
43.22980    0.73400    -0.00760    0.15300    0.55364    -0.00767    
43.60250    0.73420    -0.00910    0.15310    0.55194    -0.00708    
43.97520    0.73460    -0.00980    0.15320    0.55214    -0.00872    
44.34780    0.73480    -0.00980    0.15410    0.55227    -0.00839    
44.72050    0.73310    -0.01090    0.15260    0.55246    -0.00865    
45.09320    0.73440    -0.01130    0.15470    0.55253    -0.01029    
45.46580    0.73550    -0.01280    0.15580    0.55436    -0.00734    
45.83850    0.73400    -0.01400    0.15530    0.55443    -0.00846    
46.21120    0.73330    -0.01470    0.15670    0.55259    -0.00721    
46.58390    0.73330    -0.01470    0.15670    0.55259    -0.00964    
46.95650    0.73300    -0.01480    0.15820    0.55443    -0.00911    
47.32920    0.73240    -0.01600    0.15880    0.55266    -0.01003    
47.70190    0.73370    -0.01630    0.16080    0.55443    -0.00774    
48.07450    0.73280    -0.01690    0.16130    0.55469    -0.00905    
48.44720    0.73120    -0.01530    0.16170    0.55476    -0.00688    
48.81990    0.73260    -0.01850    0.16280    0.55489    -0.00656    
49.19260    0.73170    -0.01760    0.16420    0.55318    -0.00570    
49.56520    0.73220    -0.01700    0.16520    0.55331    -0.00774    
49.93790    0.73130    -0.01760    0.16570    0.55338    -0.00459    
50.31060    0.73040    -0.01830    0.16620    0.55509    -0.00302    
50.68320    0.73000    -0.01820    0.16770    0.55338    -0.00557    
51.05590    0.72910    -0.01890    0.16820    0.55351    -0.00597    
51.42860    0.73030    -0.02050    0.16930    0.55364    -0.00446    
51.80120    0.73070    -0.02060    0.17110    0.55364    -0.00203    
52.17390    0.72940    -0.02110    0.17070    0.55194    -0.00223    
52.54660    0.72930    -0.02260    0.17220    0.55377    -0.00472    
52.91930    0.72720    -0.02230    0.17320    0.55377    -0.00334    
53.29190    0.72660    -0.02230    0.17390    0.55384    -0.00026    
53.66460    0.72630    -0.02300    0.17370    0.55384    0.00125    
54.03730    0.72700    -0.02460    0.17640    0.55207    0.00033    
54.40990    0.72690    -0.02310    0.17640    0.55227    0.00072    
54.78260    0.72550    -0.02310    0.17680    0.55227    -0.00157    
55.15530    0.72510    -0.02300    0.17830    0.55430    0.00013    
55.52800    0.72290    -0.02420    0.17840    0.55436    0.00157    
55.90060    0.72530    -0.02380    0.18080    0.55450    0.00308    
56.27330    0.72370    -0.02500    0.18030    0.55653    0.00551    
56.64600    0.72330    -0.02490    0.18180    0.55495    0.00610    
57.01860    0.72090    -0.02410    0.18280    0.55509    0.00557    
57.39130    0.72320    -0.02510    0.18420    0.55522    0.00780    
57.76400    0.72140    -0.02400    0.18530    0.55705    0.00852    
58.13670    0.72030    -0.02320    0.18590    0.55541    0.01049    
58.50930    0.72000    -0.02320    0.18820    0.55712    0.00898    
58.88200    0.71700    -0.02260    0.18990    0.55509    0.01003    
59.25470    0.70370    -0.01900    0.18900    0.55115    0.00852    
59.62730    0.68650    -0.01230    0.18300    0.53647    0.00511    
60.00000    0.68410    0.00320    0.16820    0.49831    0.00170    
60.37270    0.70800    0.00920    0.17180    0.49634    -0.00905    
60.74530    0.71520    0.01350    0.17470    0.52571    -0.00597    
61.11800    0.71710    0.01570    0.17370    0.54840    -0.00275    
61.49070    0.71920    0.01670    0.17350    0.55371    -0.00118    
61.86330    0.71730    0.01710    0.17220    0.55377    -0.00059    
62.23600    0.72030    0.01530    0.17050    0.55371    -0.00203    
62.60870    0.71990    0.01410    0.16880    0.55548    -0.00249    
62.98140    0.72150    0.01260    0.16840    0.55377    -0.00026    
63.35400    0.72160    0.01060    0.16590    0.55384    -0.00347    
63.72670    0.72330    0.00900    0.16550    0.55391    -0.00347    
64.09940    0.72390    0.00630    0.16400    0.55574    -0.00400    
64.47210    0.72480    0.00490    0.16430    0.55397    -0.00151    
64.84470    0.72590    0.00410    0.16380    0.55587    -0.00269    
65.21740    0.72590    0.00150    0.16290    0.55594    -0.00269    
65.59010    0.72450    0.00100    0.16160    0.55600    -0.00446    
65.96270    0.72470    -0.00040    0.16160    0.55587    -0.00479    
66.33540    0.72540    -0.00070    0.16100    0.55436    -0.00426    
66.70810    0.72670    -0.00210    0.15980    0.55443    -0.00465    
67.08070    0.72850    -0.00230    0.16110    0.55450    -0.00531    
67.45340    0.72950    -0.00310    0.16060    0.55633    -0.00616    
67.82610    0.72670    -0.00340    0.15980    0.55476    -0.00734    
68.19880    0.72790    -0.00430    0.15930    0.55659    -0.00747    
68.57140    0.72940    -0.00450    0.15980    0.55666    -0.00616    
68.94410    0.73030    -0.00590    0.16000    0.55509    -0.00564    
69.31680    0.73000    -0.00660    0.15990    0.55522    -0.00662    
69.68940    0.72960    -0.00740    0.15890    0.55528    -0.00662    
70.06210    0.72950    -0.00720    0.15890    0.55541    -0.00767    
70.43480    0.73150    -0.00810    0.15950    0.55554    -0.00865    
70.80750    0.73010    -0.00940    0.15900    0.55554    -0.00760    
71.18010    0.73170    -0.00970    0.15950    0.55731    -0.00675    
71.55280    0.73190    -0.01110    0.15950    0.55417    -0.00741    
71.92550    0.73330    -0.01260    0.15920    0.55581    -0.00793    
72.29810    0.73230    -0.01460    0.15880    0.55594    -0.00898    
72.67080    0.73270    -0.01520    0.15890    0.55430    -0.00806    
73.04350    0.73330    -0.01540    0.15830    0.55627    -0.00675    
73.41620    0.73230    -0.01590    0.15880    0.55463    -0.00833    
73.78880    0.73080    -0.01580    0.15830    0.55463    -0.00833    
74.16150    0.73280    -0.01530    0.15890    0.55482    -0.00865    
74.53419    0.73200    -0.01530    0.15870    0.55672    -0.00911    
74.90680    0.73250    -0.01600    0.15960    0.55692    -0.00695    
75.27950    0.73140    -0.01650    0.15930    0.55358    -0.00767    
75.65220    0.73100    -0.01790    0.15990    0.55541    -0.00879    
76.02480    0.73110    -0.01940    0.15990    0.55548    -0.00813    
76.39750    0.72960    -0.01990    0.16100    0.55561    -0.00734    
76.77020    0.73110    -0.02160    0.16060    0.55574    -0.00701    
77.14290    0.73230    -0.02240    0.16100    0.55764    -0.00642    
77.51550    0.73020    -0.02360    0.16110    0.55764    -0.00747    
77.88820    0.73050    -0.02370    0.16200    0.55764    -0.00505    
78.26089    0.72940    -0.02440    0.16160    0.55600    -0.00452    
78.63350    0.73130    -0.02600    0.16300    0.55784    -0.00393    
79.00620    0.73030    -0.02660    0.16350    0.55607    -0.00374    
79.37890    0.73010    -0.02680    0.16500    0.55430    -0.00531    
79.75159    0.72880    -0.02720    0.16470    0.55450    -0.00492    
80.12420    0.73010    -0.02750    0.16670    0.55456    -0.00288    
80.49689    0.72850    -0.02870    0.16620    0.55646    -0.00118    
80.86960    0.72880    -0.02890    0.16710    0.55672    -0.00243    
81.24220    0.72700    -0.02930    0.16730    0.55712    -0.00066    
81.61490    0.72740    -0.03090    0.16820    0.55705    0.00177    
81.98759    0.72900    -0.03100    0.16870    0.55535    -0.00085    
82.36020    0.72680    -0.03080    0.16880    0.55738    0.00052    
82.73289    0.72810    -0.03180    0.16920    0.55568    0.00413    
83.10560    0.72770    -0.03310    0.17070    0.55397    0.00256    
83.47829    0.72750    -0.03150    0.17070    0.55423    0.00374    
83.85090    0.72550    -0.03280    0.17090    0.55450    0.00597    
84.22359    0.72740    -0.03320    0.17220    0.55640    0.00728    
84.59630    0.72640    -0.03380    0.17280    0.55653    0.00944    
84.96889    0.72650    -0.03230    0.17360    0.55653    0.01088    
85.34160    0.72360    -0.03290    0.17520    0.55482    0.00833    
85.71429    0.72350    -0.03210    0.17680    0.55509    0.00983    
86.08700    0.72030    -0.03280    0.17760    0.55502    0.01429    
86.45959    0.70710    -0.03220    0.17560    0.55305    0.01213    
86.83230    0.68560    -0.02590    0.16880    0.55259    0.01187    
87.20499    0.67680    -0.01560    0.15880    0.53955    0.00551    
87.57760    0.69180    -0.00700    0.15390    0.50159    0.00190    
87.95029    0.71060    -0.00300    0.15810    0.46488    -0.00406    
88.32300    0.72010    0.00670    0.16050    0.47917    -0.00728    
88.69569    0.71950    0.01270    0.15800    0.51700    -0.00262    
89.06830    0.71880    0.01670    0.15620    0.54269    -0.00125    
89.44099    0.72020    0.01740    0.15500    0.54787    -0.00223    
89.81370    0.72130    0.01780    0.15450    0.55155    -0.00026    
90.18629    0.72110    0.01670    0.15360    0.55168    -0.00144    
90.55900    0.72220    0.01590    0.15320    0.55010    0.00013    
90.93169    0.72370    0.01440    0.15280    0.55207    0.00026    
91.30430    0.72520    0.01150    0.15150    0.55220    0.00236    
91.67699    0.72540    0.00740    0.15070    0.55043    0.00184    
92.04970    0.72610    0.00520    0.15080    0.55056    0.00079    
92.42239    0.72830    0.00290    0.15150    0.55082    -0.00170    
92.79500    0.72760    0.00160    0.15120    0.55076    -0.00131    
93.16769    0.72870    0.00080    0.15070    0.55095    0.00105    
93.54040    0.72900    -0.00070    0.15160    0.55273    0.00020    
93.91299    0.72960    -0.00150    0.15180    0.55286    -0.00079    
94.28570    0.73070    -0.00100    0.15210    0.55292    0.00059    
94.65839    0.73150    -0.00240    0.15240    0.55122    0.00020    
95.03110    0.73030    -0.00280    0.15200    0.55128    -0.00026    
95.40369    0.73010    -0.00360    0.15190    0.55135    0.00111    
95.77640    0.73330    -0.00410    0.15290    0.55325    -0.00072    
96.14909    0.73300    -0.00390    0.15200    0.54971    -0.00026    
96.52170    0.73400    -0.00470    0.15150    0.55155    -0.00288    
96.89439    0.73360    -0.00470    0.15220    0.55338    -0.00170    
97.26710    0.73450    -0.00630    0.15240    0.55181    -0.00387    
97.63979    0.73430    -0.00750    0.15150    0.55541    -0.00282    
98.01240    0.73540    -0.01050    0.15180    0.55364    0.00046    
98.38509    0.73400    -0.01030    0.15220    0.55200    -0.00216    
98.75780    0.73600    -0.01130    0.15280    0.55214    -0.00177    
99.13039    0.73510    -0.01190    0.15330    0.55404    -0.00505    
99.50310    0.73590    -0.01280    0.15430    0.55417    -0.00361    
99.87579    0.73640    -0.01500    0.15440    0.55600    -0.00308    
100.24840    0.73620    -0.01640    0.15590    0.55607    -0.00229    
100.62109    0.73710    -0.01570    0.15540    0.55450    -0.00249    
100.99380    0.73380    -0.01680    0.15680    0.55456    -0.00288    
101.36649    0.73570    -0.01620    0.15740    0.55469    -0.00387    
101.73910    0.73440    -0.01770    0.15690    0.55476    -0.00315    
102.11179    0.73690    -0.01790    0.15850    0.55476    -0.00210    
102.48450    0.73500    -0.01850    0.15790    0.55495    -0.00334    
102.85709    0.73510    -0.01920    0.15950    0.55495    -0.00229    
103.22980    0.73570    -0.01990    0.16050    0.55331    -0.00184    
103.60249    0.73420    -0.02110    0.16000    0.55509    -0.00197    
103.97520    0.73330    -0.02180    0.16050    0.55509    -0.00439    
104.34779    0.73260    -0.02250    0.16190    0.55535    -0.00223    
104.72050    0.73090    -0.02290    0.16300    0.55522    -0.00052    
105.09319    0.73310    -0.02540    0.16360    0.55548    -0.00079    
105.46580    0.73240    -0.02610    0.16500    0.55377    -0.00347    
105.83849    0.73100    -0.02810    0.16610    0.55391    -0.00092    
106.21120    0.73050    -0.02950    0.16680    0.55404    -0.00059    
106.58389    0.73180    -0.03100    0.16880    0.55423    -0.00020    
106.95650    0.73060    -0.03260    0.16920    0.55587    0.00197    
107.32919    0.73150    -0.03260    0.17030    0.55430    0.00059    
107.70190    0.73050    -0.03310    0.17080    0.55450    -0.00151    
108.07449    0.72820    -0.03370    0.17170    0.55627    0.00085    
108.44720    0.72820    -0.03440    0.17330    0.55646    0.00367    
108.81989    0.72920    -0.03540    0.17520    0.55646    0.00505    
109.19250    0.72820    -0.03600    0.17570    0.55495    0.00321    
109.56519    0.72820    -0.03670    0.17730    0.55495    0.00321    
109.93790    0.72680    -0.03870    0.17940    0.55699    0.00492    
110.31059    0.72690    -0.03730    0.18020    0.55699    0.00492    
110.68320    0.72330    -0.03920    0.18160    0.55718    0.00774    
111.05589    0.72520    -0.03870    0.18540    0.55568    0.00531    
111.42860    0.72470    -0.03860    0.18690    0.55423    0.00859    
111.80119    0.72390    -0.03790    0.18830    0.55450    0.01095    
112.17390    0.72340    -0.03850    0.19140    0.55318    0.00957    
112.54659    0.72280    -0.04000    0.19530    0.55345    0.01062    
112.91930    0.72300    -0.03930    0.19860    0.55358    0.01141    
113.29189    0.72350    -0.03860    0.20360    0.55377    0.01298    
113.66460    0.72030    -0.03600    0.20610    0.55522    0.01213    
114.03729    0.71850    -0.03290    0.20960    0.55482    0.01337    
114.40990    0.71870    -0.02780    0.21050    0.55633    0.01455    
114.78259    0.71660    -0.02360    0.21240    0.55417    0.01442    
115.15530    0.70760    -0.01590    0.20880    0.53915    0.00682    
115.52800    0.69000    0.00150    0.19830    0.50965    0.00039    
115.90060    0.69030    0.01770    0.18390    0.48231    -0.00675    
116.27329    0.70870    0.02400    0.18070    0.46888    -0.01134    
116.64600    0.71530    0.02820    0.18090    0.49084    -0.01265    
117.01859    0.71910    0.03100    0.17800    0.52742    -0.00937    
117.39130    0.71930    0.03170    0.17400    0.54846    -0.00269    
117.76400    0.72110    0.02950    0.17210    0.55377    -0.00092    
118.13660    0.71970    0.02720    0.16750    0.55371    -0.00164    
118.50929    0.72180    0.02550    0.16560    0.55554    -0.00151    
118.88200    0.72170    0.02220    0.16470    0.55554    -0.00079    
119.25470    0.72470    0.01910    0.16310    0.55561    -0.00007    
119.62730    0.72590    0.01560    0.16170    0.55568    -0.00308    
120.00000    0.72810    0.01210    0.16150    0.55574    -0.00170    
120.37270    0.72810    0.01080    0.16060    0.55581    -0.00033    
120.74529    0.72750    0.01030    0.15960    0.55410    -0.00059    
121.11800    0.72760    0.00760    0.15870    0.55417    -0.00157    
121.49070    0.72810    0.00540    0.15800    0.55594    -0.00485    
121.86340    0.72980    0.00380    0.15850    0.55600    -0.00105    
122.23599    0.72990    0.00240    0.15850    0.55266    -0.00282    
122.60870    0.73050    0.00030    0.15860    0.55450    -0.00229    
122.98140    0.73200    -0.00120    0.15830    0.55463    -0.00570    
123.35400    0.73010    -0.00380    0.15840    0.55640    -0.00236    
123.72670    0.73180    -0.00530    0.15890    0.55476    -0.00492    
124.09940    0.73160    -0.00670    0.16040    0.55489    -0.00597    
124.47199    0.73180    -0.00740    0.15960    0.55495    -0.00524    
124.84470    0.73210    -0.00890    0.16050    0.55495    -0.00393    
125.21740    0.73290    -0.00980    0.16150    0.55528    -0.00590    
125.59010    0.73230    -0.01030    0.16050    0.55699    -0.00367    
125.96270    0.73280    -0.01120    0.16060    0.55535    -0.00387    
126.33540    0.73500    -0.01140    0.16050    0.55377    -0.00819    
126.70810    0.73220    -0.01170    0.15960    0.55561    -0.00728    
127.08070    0.73320    -0.01120    0.15920    0.55568    -0.00583    
127.45340    0.73260    -0.01240    0.15980    0.55568    -0.00583    
127.82610    0.73380    -0.01330    0.15930    0.55600    -0.00787    
128.19879    0.73270    -0.01310    0.15810    0.55587    -0.00610    
128.57140    0.73340    -0.01400    0.15920    0.55784    -0.00492    
128.94409    0.73340    -0.01400    0.15920    0.55613    -0.00570    
129.31679    0.73430    -0.01550    0.15940    0.55627    -0.00675    
129.68939    0.73360    -0.01620    0.16080    0.55463    -0.00760    
130.06209    0.73430    -0.01670    0.15940    0.55659    -0.00629    
130.43480    0.73300    -0.01740    0.16140    0.55653    -0.00393    
130.80739    0.73100    -0.01790    0.15990    0.55686    -0.00590    
131.18010    0.73190    -0.01800    0.16100    0.55509    -0.00623    
131.55280    0.73260    -0.01820    0.16040    0.55686    -0.00590    
131.92549    0.73370    -0.01970    0.16150    0.55528    -0.00715    
132.29810    0.73130    -0.02010    0.16240    0.55705    -0.00616    
132.67079    0.73140    -0.02030    0.16240    0.55705    -0.00479    
133.04349    0.73310    -0.02050    0.16290    0.55718    -0.00583    
133.41620    0.73150    -0.02100    0.16400    0.55738    -0.00544    
133.78879    0.73120    -0.02170    0.16390    0.55738    -0.00544    
134.16150    0.73080    -0.02170    0.16540    0.55745    -0.00334    
134.53419    0.72980    -0.02230    0.16590    0.55561    -0.00564    
134.90680    0.73020    -0.02250    0.16680    0.55574    -0.00170    
135.27950    0.72850    -0.02290    0.16790    0.55404    0.00046    
135.65219    0.72780    -0.02370    0.16930    0.55417    -0.00472    
136.02480    0.72720    -0.02360    0.17000    0.55587    -0.00308    
136.39749    0.72840    -0.02370    0.17190    0.55594    -0.00105    
136.77019    0.72470    -0.02330    0.17250    0.55607    -0.00144    
137.14290    0.72560    -0.02430    0.17350    0.55594    0.00033    
137.51549    0.72580    -0.02440    0.17440    0.55777    0.00026    
137.88820    0.72720    -0.02300    0.17480    0.55777    0.00157    
138.26089    0.72510    -0.02270    0.17590    0.55790    0.00262    
138.63350    0.72470    -0.02270    0.17740    0.55430    0.00367    
139.00620    0.72330    -0.02260    0.17780    0.55450    0.00413    
139.37889    0.72280    -0.02120    0.17930    0.55640    0.00446    
139.75159    0.72280    -0.02050    0.18090    0.55463    0.00767    
140.12419    0.72170    -0.01970    0.18140    0.55653    0.00800    
140.49689    0.72250    -0.01700    0.18250    0.55646    0.00859    
140.86960    0.72100    -0.01620    0.18460    0.55640    0.01036    
141.24219    0.72040    -0.01540    0.18770    0.55771    0.01075    
141.61490    0.71570    -0.01440    0.18890    0.55561    0.01082    
141.98759    0.70840    -0.01840    0.18860    0.55515    0.00990    
142.36020    0.69690    -0.02550    0.18460    0.55273    0.00669    
142.73289    0.68650    -0.02790    0.17840    0.54322    0.00151    
143.10559    0.68050    -0.02520    0.17170    0.51785    -0.00590    
143.47829    0.69040    -0.02080    0.16600    0.48776    -0.01075    
143.85089    0.70430    -0.01590    0.16750    0.48061    -0.00931    
144.22359    0.71940    -0.00910    0.16870    0.50028    -0.00695    
144.59630    0.71950    -0.00300    0.16980    0.53247    -0.00111    
144.96889    0.71880    0.00340    0.16810    0.55227    0.00282    
145.34160    0.71880    0.00410    0.16650    0.55574    0.00603    
145.71429    0.72030    0.00590    0.16530    0.55410    0.00387    
146.08699    0.72280    0.00630    0.16530    0.55371    0.00170    
146.45959    0.72460    0.00490    0.16340    0.55548    0.00151    
146.83229    0.72330    0.00520    0.16140    0.55705    -0.00046    
147.20499    0.72410    0.00430    0.16240    0.55515    0.00321    
147.57759    0.72500    0.00360    0.16100    0.55686    0.00157    
147.95029    0.72780    0.00110    0.16100    0.55699    0.00098    
148.32300    0.72780    -0.00030    0.16020    0.55692    0.00020    
148.69559    0.72820    -0.00100    0.16030    0.55692    0.00125    
149.06830    0.72760    -0.00150    0.15930    0.55528    0.00105    
149.44099    0.72760    -0.00150    0.15930    0.55528    -0.00033    
149.81369    0.72900    -0.00310    0.15800    0.55358    -0.00125    
150.18629    0.73060    -0.00390    0.15690    0.55371    -0.00125    
150.55899    0.73110    -0.00460    0.15700    0.55554    -0.00308    
150.93169    0.73120    -0.00610    0.15700    0.55561    -0.00007    
151.30440    0.73060    -0.00660    0.15600    0.55568    -0.00308    
151.67699    0.73080    -0.00720    0.15530    0.55404    -0.00321    
152.04970    0.73190    -0.00810    0.15480    0.55587    -0.00341    
152.42239    0.73320    -0.00900    0.15520    0.55607    -0.00505    
152.79500    0.73210    -0.00960    0.15480    0.55607    -0.00197    
153.16769    0.73310    -0.01030    0.15430    0.55607    -0.00197    
153.54039    0.73310    -0.01030    0.15430    0.55443    -0.00420    
153.91299    0.73410    -0.01110    0.15380    0.55443    -0.00420    
154.28569    0.73430    -0.01200    0.15540    0.55627    -0.00302    
154.65839    0.73630    -0.01350    0.15440    0.55456    -0.00380    
155.03110    0.73590    -0.01350    0.15590    0.55456    -0.00380    
155.40369    0.73540    -0.01420    0.15490    0.55469    -0.00485    
155.77640    0.73490    -0.01330    0.15480    0.55476    -0.00406    
156.14909    0.73380    -0.01390    0.15440    0.55489    -0.00446    
156.52170    0.73380    -0.01520    0.15440    0.55509    -0.00472    
156.89439    0.73460    -0.01630    0.15540    0.55509    -0.00610    
157.26709    0.73510    -0.01700    0.15550    0.55522    -0.00223    
157.63979    0.73520    -0.01840    0.15550    0.55358    -0.00662    
158.01239    0.73490    -0.01980    0.15700    0.55364    -0.00583    
158.38509    0.73330    -0.01960    0.15650    0.55548    -0.00288    
158.75780    0.73300    -0.02100    0.15800    0.55554    -0.00518    
159.13039    0.73260    -0.02250    0.15860    0.55554    -0.00393    
159.50310    0.73330    -0.02330    0.15960    0.55541    -0.00354    
159.87579    0.73370    -0.02400    0.15980    0.55574    -0.00177    
160.24840    0.73410    -0.02410    0.16150    0.55581    -0.00111    
160.62109    0.73040    -0.02510    0.16110    0.55417    -0.00433    
160.99379    0.73140    -0.02520    0.16230    0.55607    -0.00616    
161.36649    0.73160    -0.02520    0.16310    0.55620    -0.00098    
161.73909    0.72970    -0.02590    0.16250    0.55613    -0.00059    
162.11179    0.72950    -0.02740    0.16400    0.55469    -0.00033    
162.48450    0.73030    -0.02740    0.16430    0.55476    0.00105    
162.85709    0.73100    -0.02830    0.16530    0.55476    0.00105    
163.22980    0.73000    -0.02890    0.16580    0.55482    0.00184    
163.60249    0.72970    -0.03030    0.16730    0.55312    0.00164    
163.97519    0.72800    -0.03010    0.16680    0.55502    0.00118    
164.34779    0.72710    -0.03070    0.16730    0.55495    0.00295    
164.72049    0.72780    -0.03160    0.16830    0.55495    0.00295    
165.09319    0.72690    -0.03230    0.16880    0.55495    0.00538    
165.46579    0.72680    -0.03220    0.16880    0.55338    0.00557    
165.83849    0.72580    -0.03270    0.16930    0.55351    0.00393    
166.21120    0.72560    -0.03290    0.17090    0.55358    0.00472    
166.58379    0.72550    -0.03280    0.17090    0.55568    0.00642    
166.95650    0.72470    -0.03260    0.17150    0.55594    0.01003    
167.32919    0.72390    -0.03470    0.17200    0.55804    0.01174    
167.70189    0.72490    -0.03450    0.17390    0.55640    0.01416    
168.07449    0.72490    -0.03580    0.17390    0.55620    0.01416    
168.44719    0.72440    -0.03570    0.17540    0.55456    0.01403    
168.81989    0.72070    -0.03730    0.17760    0.55482    0.01423    
169.19260    0.71010    -0.03370    0.17890    0.55476    0.01501    
169.56519    0.68890    -0.03030    0.17650    0.55482    0.01613    
169.93790    0.66700    -0.02490    0.16710    0.54578    0.01469    
170.31059    0.66950    -0.01760    0.15480    0.50474    0.00669    
170.68320    0.68520    -0.01380    0.15350    0.47550    0.00479    
171.05589    0.70440    -0.00500    0.15700    0.45596    -0.00177    
171.42859    0.71800    0.00640    0.15890    0.45445    -0.00406    
171.80119    0.71320    0.02090    0.15870    0.47058    -0.00872    
172.17389    0.71620    0.01930    0.15790    0.50867    -0.00669    
172.54659    0.71490    0.02090    0.15670    0.54368    -0.00308    
172.91930    0.71490    0.02090    0.15670    0.55279    0.00046    
173.29189    0.71750    0.01990    0.15590    0.55325    -0.00111    
173.66460    0.71800    0.01860    0.15440    0.55345    0.00170    
174.03729    0.71980    0.01780    0.15410    0.55371    0.00295    
174.40990    0.71960    0.01440    0.15310    0.55397    0.00361    
174.78259    0.71910    0.01170    0.15290    0.55417    0.00439    
175.15529    0.72150    0.01210    0.15200    0.55613    0.00210    
175.52800    0.72340    0.00910    0.15250    0.55627    0.00524    
175.90059    0.72270    0.00990    0.15150    0.55450    0.00190    
176.27328    0.72270    0.00860    0.15060    0.55476    0.00367    
176.64600    0.72410    0.00760    0.15100    0.55476    0.00236    
177.01859    0.72420    0.00710    0.15030    0.55659    0.00216    
177.39130    0.72700    0.00210    0.14940    0.55502    0.00262    
177.76399    0.72800    -0.00080    0.14960    0.55679    0.00256    
178.13660    0.72800    -0.00080    0.14960    0.55515    0.00479    
178.50929    0.72880    -0.00300    0.15070    0.55187    0.00275    
178.88199    0.72750    -0.00270    0.14860    0.55207    0.00282    
179.25470    0.72790    -0.00340    0.14870    0.55410    -0.00007    
179.62729    0.72840    -0.00410    0.14890    0.55587    0.00151    
180.00000    0.72860    -0.00570    0.14890    0.55613    0.00269    
180.37270    0.73030    -0.00730    0.14940    0.55620    0.00334    
180.74529    0.72980    -0.00790    0.14840    0.55633    0.00164    
181.11800    0.73040    -0.00870    0.14940    0.55646    0.00066    
181.49069    0.73030    -0.01010    0.14850    0.55659    0.00203    
181.86339    0.72980    -0.01140    0.14910    0.55856    0.00085    
182.23599    0.73020    -0.01160    0.15000    0.55836    0.00190    
182.60869    0.73220    -0.01250    0.15070    0.55843    0.00262    
182.98140    0.73060    -0.01360    0.15010    0.55863    0.00164    
183.35399    0.73030    -0.01440    0.15000    0.55686    0.00249    
183.72670    0.72940    -0.01500    0.15050    0.55712    -0.00026    
184.09940    0.72970    -0.01430    0.15060    0.55712    0.00210    
184.47198    0.73160    -0.01690    0.15280    0.55712    -0.00026    
184.84470    0.73220    -0.01690    0.15220    0.55895    -0.00039    
185.21739    0.73190    -0.01690    0.15370    0.55902    0.00164    
185.59009    0.73180    -0.01830    0.15280    0.55882    0.00157    
185.96269    0.73070    -0.01880    0.15330    0.55869    0.00269    
186.33539    0.73050    -0.02030    0.15480    0.55718    -0.00026    
186.70810    0.72960    -0.02090    0.15530    0.55902    0.00203    
187.08069    0.72960    -0.02220    0.15530    0.55908    0.00282    
187.45340    0.72810    -0.02280    0.15640    0.55751    0.00269    
187.82610    0.72680    -0.02420    0.15680    0.55758    0.00229    
188.19879    0.72810    -0.02450    0.15880    0.55764    0.00302    
188.57140    0.72690    -0.02490    0.15840    0.55758    0.00341    
188.94409    0.72620    -0.02570    0.15980    0.55764    0.00439    
189.31679    0.72530    -0.02630    0.16030    0.55436    0.00269    
189.68939    0.72620    -0.02640    0.16140    0.55607    0.00426    
190.06209    0.72430    -0.02700    0.16080    0.55600    0.00603    
190.43480    0.72460    -0.02640    0.16340    0.55613    0.00564    
190.80739    0.72580    -0.02730    0.16370    0.55620    0.00642    
191.18010    0.72420    -0.02770    0.16490    0.55620    0.00780    
191.55280    0.72360    -0.02860    0.16630    0.55450    0.00760    
191.92549    0.72390    -0.02790    0.16640    0.55469    0.00800    
192.29810    0.72180    -0.02760    0.16740    0.55653    0.00688    
192.67079    0.72390    -0.03060    0.16970    0.55659    0.00767    
193.04349    0.72590    -0.03490    0.17100    0.55653    0.01069    
193.41620    0.72510    -0.03430    0.17240    0.55672    0.01121    
193.78879    0.72470    -0.03350    0.17230    0.55699    0.01239    
194.16150    0.72780    -0.03370    0.17320    0.55692    0.01134    
194.53419    0.72490    -0.03260    0.17240    0.55699    0.01213    
194.90680    0.72400    -0.03330    0.17290    0.55574    0.01534    
195.27950    0.72400    -0.03200    0.17290    0.55423    0.01501    
195.65219    0.72590    -0.03060    0.17190    0.55620    0.01534    
196.02480    0.72460    -0.03110    0.17150    0.55646    0.01803    
196.39749    0.72150    -0.03110    0.17060    0.55482    0.01954    
196.77019    0.71350    -0.03220    0.16830    0.55476    0.02019    
197.14290    0.69060    -0.03230    0.16160    0.55246    0.01744    
197.51549    0.67150    -0.03280    0.14980    0.54715    0.01855    
197.88820    0.67650    -0.03180    0.14700    0.52506    0.01331    
198.26089    0.69010    -0.02470    0.14790    0.51031    0.00583    
198.63350    0.71140    -0.01640    0.15550    0.52985    0.00328    
199.00620    0.72080    -0.01160    0.16180    0.53758    0.00262    
199.37889    0.72380    -0.00610    0.16440    0.54237    0.00413    
199.75159    0.72470    -0.00200    0.16410    0.54741    0.00302    
200.12419    0.72250    0.00040    0.16340    0.55259    0.00479    
200.49689    0.72250    0.00040    0.16340    0.55253    0.00433    
200.86960    0.72350    -0.00040    0.16290    0.55266    0.00308    
201.24219    0.72530    -0.00120    0.16260    0.55456    0.00406    
201.61490    0.72800    -0.00080    0.16350    0.55463    0.00406    
201.98759    0.72630    -0.00190    0.16210    0.55292    0.00544    
202.36020    0.72650    -0.00220    0.16220    0.55299    0.00341    
202.73289    0.72890    -0.00430    0.16130    0.55312    0.00479    
203.10559    0.72830    -0.00350    0.16030    0.55331    0.00505    
203.47829    0.72930    -0.00430    0.15980    0.55338    0.00505    
203.85089    0.72930    -0.00430    0.15980    0.55338    0.00439    
204.22359    0.73020    -0.00510    0.15840    0.55174    0.00413    
204.59630    0.72930    -0.00570    0.15890    0.55194    0.00308    
204.96889    0.73160    -0.00660    0.15800    0.55384    0.00393    
205.34160    0.73030    -0.00650    0.15840    0.55391    0.00328    
205.71429    0.73070    -0.00720    0.15850    0.55423    0.00603    
206.08699    0.73210    -0.00820    0.15890    0.55423    0.00216    
206.45959    0.73180    -0.00800    0.15800    0.55443    0.00361    
206.83229    0.73330    -0.01020    0.15920    0.55456    0.00465    
207.20499    0.73170    -0.01000    0.15870    0.55299    0.00282    
207.57759    0.73250    -0.01020    0.15900    0.55299    0.00282    
207.95029    0.73310    -0.01100    0.15910    0.55318    0.00361    
208.32300    0.73460    -0.01120    0.15960    0.55345    0.00492    
208.69559    0.73410    -0.01180    0.15860    0.55358    0.00256    
209.06830    0.73420    -0.01320    0.15860    0.55358    0.00498    
209.44099    0.73320    -0.01250    0.15910    0.55377    0.00334    
209.81369    0.73630    -0.01420    0.15930    0.55384    0.00262    
210.18629    0.73580    -0.01410    0.16070    0.55384    0.00262    
210.55899    0.73290    -0.01520    0.15980    0.55384    0.00400    
210.93169    0.73460    -0.01540    0.16110    0.55410    0.00197    
211.30440    0.73500    -0.01610    0.16130    0.55410    0.00197    
211.67699    0.73410    -0.01550    0.16180    0.55253    0.00256    
212.04970    0.73550    -0.01780    0.16210    0.55102    0.00439    
212.42239    0.73490    -0.01770    0.16280    0.55109    0.00033    
212.79500    0.73520    -0.01920    0.16360    0.55286    0.00262    
213.16769    0.73570    -0.02000    0.16380    0.55312    0.00544    
213.54039    0.73410    -0.02050    0.16490    0.55331    0.00583    
213.91299    0.73380    -0.02120    0.16480    0.55331    0.00341    
214.28569    0.73320    -0.02110    0.16540    0.55181    0.00505    
214.65839    0.73390    -0.02190    0.16640    0.55187    0.00570    
215.03110    0.73260    -0.02330    0.16680    0.55194    0.00544    
215.40369    0.73300    -0.02400    0.16690    0.55410    0.00328    
215.77640    0.73220    -0.02330    0.16830    0.55423    0.00334    
216.14909    0.73170    -0.02460    0.16890    0.55417    0.00400    
216.52170    0.73140    -0.02470    0.17040    0.55607    0.00446    
216.89439    0.73100    -0.02600    0.17190    0.55620    0.00734    
217.26709    0.72910    -0.02590    0.17290    0.55443    0.00682    
217.63979    0.72880    -0.02660    0.17280    0.55456    0.00642    
218.01239    0.73020    -0.02750    0.17400    0.55279    0.00597    
218.38509    0.72920    -0.02800    0.17450    0.55273    0.00662    
218.75780    0.72890    -0.02940    0.17610    0.55299    0.00767    
219.13039    0.72690    -0.02930    0.17710    0.55469    0.00931    
219.50310    0.72650    -0.02930    0.17860    0.55495    0.00806    
219.87579    0.72560    -0.03140    0.17910    0.55331    0.01206    
220.24840    0.72660    -0.03140    0.18020    0.55351    0.00898    
220.62109    0.72550    -0.03150    0.18150    0.55358    0.01416    
220.99379    0.72550    -0.03220    0.18310    0.55200    0.01160    
221.36649    0.72550    -0.03220    0.18310    0.55214    0.01029    
221.73909    0.72610    -0.03300    0.18410    0.55404    0.01344    
222.11179    0.72300    -0.03340    0.18570    0.55410    0.01377    
222.48450    0.72360    -0.03280    0.18670    0.55417    0.01698    
222.85709    0.72200    -0.03190    0.18780    0.55273    0.01724    
223.22980    0.72280    -0.03280    0.18970    0.55292    0.01777    
223.60249    0.72330    -0.03350    0.19070    0.55305    0.01855    
223.97519    0.72170    -0.03400    0.19180    0.55312    0.01757    
224.34779    0.72020    -0.03320    0.19390    0.55279    0.02019    
224.72049    0.71930    -0.03370    0.19530    0.55463    0.02013    
225.09319    0.71720    -0.03280    0.19880    0.55430    0.02131    
225.46579    0.70710    -0.03000    0.20120    0.55233    0.01783    
225.83849    0.68250    -0.01840    0.19540    0.53889    0.01305    
226.21120    0.66620    0.00370    0.17540    0.51228    0.00118    
226.58379    0.68960    0.01570    0.16930    0.48854    -0.00059    
226.95650    0.71020    0.01880    0.17430    0.46888    -0.00492    
227.32919    0.71810    0.02040    0.17660    0.47720    -0.00098    
227.70189    0.71750    0.02050    0.17400    0.50716    -0.00105    
228.07449    0.71810    0.01910    0.17250    0.54066    0.00564    
228.44719    0.71860    0.01780    0.17010    0.55115    0.00354    
228.81989    0.71970    0.01570    0.16880    0.55450    0.00780    
229.19260    0.72220    0.01330    0.16700    0.55443    0.00767    
229.56519    0.72110    0.01220    0.16500    0.55607    0.00721    
229.93790    0.72290    0.00920    0.16460    0.55423    0.00774    
230.31059    0.72700    0.00660    0.16340    0.55246    0.00656    
230.68320    0.72610    0.00470    0.16300    0.55253    0.00551    
231.05589    0.72550    0.00420    0.16200    0.55430    0.00701    
231.42859    0.72650    0.00210    0.16060    0.55259    0.00721    
231.80119    0.72670    0.00050    0.16070    0.55436    0.00400    
232.17389    0.72640    0.00070    0.15980    0.55436    0.00459    
232.54659    0.72910    -0.00040    0.15980    0.55443    0.00642    
232.91930    0.72820    -0.00230    0.15940    0.55279    0.00243    
233.29189    0.72860    -0.00230    0.15790    0.55279    0.00557    
233.66460    0.73000    -0.00380    0.15750    0.55299    0.00282    
234.03729    0.73120    -0.00480    0.15700    0.55299    0.00282    
234.40990    0.73270    -0.00630    0.15670    0.55312    0.00177    
234.78259    0.73100    -0.00600    0.15610    0.55325    0.00321    
235.15529    0.73070    -0.00670    0.15600    0.55338    0.00216    
235.52800    0.73170    -0.00900    0.15470    0.55522    0.00164    
235.90059    0.73240    -0.00980    0.15570    0.55528    0.00243    
236.27328    0.73350    -0.00980    0.15440    0.55528    0.00374    
236.64600    0.73330    -0.01030    0.15190    0.55371    0.00295    
237.01859    0.73340    -0.01170    0.15190    0.55391    0.00262    
237.39130    0.73290    -0.01330    0.15490    0.55574    0.00144    
237.76399    0.73340    -0.01260    0.15590    0.55404    0.00400    
238.13660    0.73330    -0.01400    0.15500    0.55246    -0.00203    
238.50929    0.73320    -0.01380    0.15500    0.55417    0.00059    
238.88199    0.73250    -0.01460    0.15640    0.55430    0.00098    
239.25470    0.73140    -0.01510    0.15600    0.55443    0.00111    
239.62729    0.73300    -0.01670    0.15650    0.55443    0.00111    
240.00000    0.73150    -0.01660    0.15600    0.55443    -0.00570    
240.37270    0.72700    -0.01490    0.15540    0.55443    -0.00813    
240.74529    0.72700    -0.01490    0.15540    0.55456    -0.00538    
241.11800    0.72680    -0.01560    0.15610    0.55463    -0.00701    
241.49069    0.72690    -0.01700    0.15610    0.55482    -0.00741    
241.86339    0.72740    -0.01620    0.15710    0.55659    -0.00583    
242.23599    0.72450    -0.01760    0.15610    0.55666    -0.00610    
242.60869    0.72690    -0.01720    0.15860    0.55666    -0.00505    
242.98140    0.72510    -0.01830    0.15720    0.55535    -0.00616    
243.35399    0.72440    -0.01910    0.15860    0.55548    -0.00583    
243.72670    0.72460    -0.01990    0.16020    0.55712    -0.00538    
244.09940    0.72560    -0.02070    0.15970    0.55692    -0.00426    
244.47198    0.72600    -0.02140    0.15980    0.55705    -0.00282    
244.84470    0.72450    -0.02260    0.15930    0.55548    -0.00334    
245.21739    0.72350    -0.02330    0.15980    0.55554    -0.00374    
245.59009    0.72420    -0.02410    0.16080    0.55731    -0.00452    
245.96269    0.72330    -0.02470    0.16130    0.55738    -0.00243    
246.33539    0.72330    -0.02470    0.16130    0.55568    -0.00262    
246.70810    0.72100    -0.02530    0.16220    0.55574    -0.00046    
247.08069    0.72300    -0.02620    0.16280    0.55561    -0.00046    
247.45340    0.72110    -0.02620    0.16390    0.55587    -0.00177    
247.82610    0.72210    -0.02620    0.16500    0.55417    0.00052    
248.19879    0.72230    -0.02630    0.16590    0.55581    0.00144    
248.57140    0.71900    -0.02590    0.16490    0.55430    0.00026    
248.94409    0.72010    -0.02610    0.16600    0.55443    0.00144    
249.31679    0.71980    -0.02530    0.16680    0.55620    0.00197    
249.68939    0.71880    -0.02590    0.16730    0.55646    0.00072    
250.06209    0.71930    -0.02530    0.16750    0.55482    0.00452    
250.43480    0.72080    -0.02410    0.16800    0.55345    0.00564    
250.80739    0.71950    -0.02310    0.16760    0.55528    0.00518    
251.18010    0.71970    -0.02250    0.16680    0.55371    0.00662    
251.55280    0.72060    -0.02220    0.16550    0.55397    0.00787    
251.92549    0.71260    -0.02070    0.16230    0.55404    0.00774    
252.29810    0.69520    -0.02410    0.15450    0.55417    0.00819    
252.67079    0.67500    -0.02490    0.14660    0.55581    0.00800    
253.04349    0.67350    -0.02700    0.13820    0.54315    0.00754    
253.41620    0.68480    -0.02550    0.13830    0.50546    0.00059    
253.78879    0.70020    -0.01710    0.14180    0.46973    -0.00524    
254.16150    0.71010    0.00100    0.14550    0.49392    -0.01088    
254.53419    0.71520    0.01060    0.14980    0.53365    -0.00819    
254.90680    0.71380    0.01330    0.15110    0.55109    -0.00439    
255.27950    0.71480    0.01520    0.15150    0.55109    -0.00597    
255.65219    0.71350    0.01480    0.15110    0.55292    -0.00492    
256.02478    0.71560    0.01600    0.15100    0.55292    -0.00636    
256.39749    0.71510    0.01540    0.15000    0.55305    -0.00813    
256.77017    0.71550    0.01460    0.15010    0.55482    -0.00524    
257.14288    0.71590    0.01260    0.14930    0.55312    -0.00485    
257.51547    0.71730    0.01020    0.14890    0.55318    -0.00688    
257.88818    0.71930    0.00930    0.14950    0.55141    -0.00747    
258.26089    0.71990    0.00790    0.14800    0.55331    -0.00937    
258.63348    0.72070    0.00660    0.14820    0.55338    -0.00806    
259.00620    0.72010    0.00470    0.14630    0.55338    -0.00806    
259.37888    0.71930    0.00390    0.14680    0.55345    -0.00734    
259.75159    0.72290    0.00210    0.14640    0.55181    -0.01010    
260.12418    0.72100    0.00030    0.14480    0.55181    -0.00833    
260.49689    0.72470    -0.00090    0.14600    0.55200    -0.00905    
260.86960    0.72370    -0.00290    0.14560    0.55207    -0.00905    
261.24219    0.72380    -0.00340    0.14490    0.55214    -0.01147    
261.61490    0.72410    -0.00490    0.14580    0.55233    -0.01115    
261.98758    0.72490    -0.00570    0.14440    0.55417    -0.01062    
262.36029    0.72560    -0.00520    0.14540    0.55246    -0.00964    
262.73288    0.72530    -0.00590    0.14530    0.55253    -0.01010    
263.10559    0.72590    -0.00540    0.14630    0.55266    -0.01246    
263.47827    0.72780    -0.00760    0.14610    0.55456    -0.01056    
263.85089    0.72660    -0.00750    0.14730    0.55292    -0.01213    
264.22357    0.72740    -0.00820    0.14590    0.55305    -0.01239    
264.59628    0.72700    -0.00820    0.14740    0.55312    -0.01311    
264.96887    0.72380    -0.00930    0.14880    0.55318    -0.01239    
265.34158    0.72370    -0.01060    0.14790    0.55338    -0.01383    
265.71429    0.72390    -0.01070    0.14880    0.55345    -0.01246    
266.08688    0.72560    -0.01170    0.15100    0.55351    -0.01305    
266.45959    0.72400    -0.01160    0.15050    0.55358    -0.01344    
266.83228    0.72420    -0.01300    0.15050    0.55548    -0.01351    
267.20499    0.72550    -0.01460    0.15250    0.55384    -0.01436    
267.57758    0.72580    -0.01520    0.15260    0.55397    -0.01331    
267.95029    0.72310    -0.01560    0.15170    0.55404    -0.01396    
268.32300    0.72510    -0.01740    0.15310    0.55423    -0.01160    
268.69559    0.72630    -0.01910    0.15420    0.55253    -0.01449    
269.06830    0.72630    -0.01910    0.15420    0.55259    -0.01377    
269.44098    0.72450    -0.02040    0.15530    0.55259    -0.01069    
269.81369    0.72550    -0.02120    0.15470    0.55279    -0.01514    
270.18628    0.72550    -0.02120    0.15470    0.55463    -0.01357    
270.55899    0.72470    -0.02050    0.15610    0.55292    -0.01062    
270.93167    0.72320    -0.02110    0.15730    0.55292    -0.01200    
271.30438    0.72470    -0.02120    0.15780    0.55312    -0.01160    
271.67697    0.72280    -0.02100    0.15880    0.55312    -0.01265    
272.04968    0.72320    -0.02400    0.15970    0.55312    -0.01023    
272.42239    0.72330    -0.02470    0.16130    0.55141    -0.01101    
272.79498    0.72330    -0.02470    0.16130    0.55141    -0.00977    
273.16769    0.72290    -0.02630    0.16200    0.55148    -0.01219    
273.54037    0.72340    -0.02850    0.16210    0.55174    -0.00924    
273.91309    0.72360    -0.02920    0.16460    0.55338    -0.00833    
274.28568    0.72080    -0.02760    0.16540    0.55174    -0.00787    
274.65839    0.72210    -0.03210    0.16650    0.55181    -0.00715    
275.03110    0.72150    -0.03200    0.16720    0.55187    -0.00892    
275.40369    0.72050    -0.03400    0.16770    0.55181    -0.00577    
275.77640    0.71910    -0.03470    0.16970    0.55194    -0.00675    
276.14908    0.71970    -0.03490    0.17150    0.55194    -0.00603    
276.52170    0.71900    -0.03490    0.17220    0.55194    -0.00603    
276.89438    0.71860    -0.03480    0.17370    0.55194    -0.00465    
277.26709    0.71790    -0.03620    0.17680    0.55181    -0.00603    
277.63968    0.71800    -0.03700    0.17930    0.55364    -0.00092    
278.01239    0.71640    -0.03610    0.18040    0.55017    -0.00406    
278.38507    0.71780    -0.03630    0.18330    0.55200    -0.00518    
278.75778    0.71730    -0.03630    0.18480    0.55194    -0.00111    
279.13037    0.71550    -0.03670    0.18930    0.55194    0.00144    
279.50308    0.71360    -0.03730    0.19290    0.55194    0.00282    
279.87579    0.71250    -0.03570    0.19590    0.55194    0.00282    
280.24838    0.70950    -0.03360    0.19840    0.55345    0.00085    
280.62109    0.70520    -0.02850    0.19900    0.55292    0.00157    
280.99377    0.70110    -0.02170    0.20630    0.54538    -0.00085    
281.36649    0.69630    -0.00970    0.20280    0.52578    -0.00524    
281.73907    0.68570    0.00430    0.18390    0.48992    -0.00931    
282.11179    0.69460    0.01710    0.16900    0.46632    -0.01429    
282.48450    0.70630    0.02170    0.16990    0.46245    -0.01246    
282.85709    0.71070    0.02150    0.17040    0.48867    -0.01587    
283.22980    0.71110    0.02340    0.16720    0.52565    -0.01331    
283.60248    0.71170    0.02330    0.16660    0.54328    -0.00780    
283.97519    0.71480    0.02090    0.16330    0.55037    -0.00564    
284.34778    0.71690    0.01800    0.16140    0.55214    -0.00570    
284.72049    0.71630    0.01620    0.15950    0.55194    -0.00367    
285.09317    0.71750    0.01390    0.15810    0.55010    -0.00551    
285.46588    0.72080    0.00940    0.15740    0.55023    -0.00656    
285.83847    0.72130    0.00860    0.15750    0.55194    -0.00937    
286.21118    0.72120    0.00800    0.15500    0.55187    -0.00459    
286.58389    0.72180    0.00590    0.15510    0.55187    -0.00531    
286.95648    0.72220    0.00380    0.15440    0.55017    -0.00760    
287.32919    0.72440    0.00360    0.15430    0.55043    -0.00387    
287.70187    0.72480    0.00290    0.15440    0.55069    0.00039    
288.07449    0.72310    0.00180    0.15300    0.55253    -0.00046    
288.44717    0.72320    0.00040    0.15300    0.55246    0.00000    
288.81989    0.72440    -0.00050    0.15250    0.55089    -0.00197    
289.19247    0.72540    -0.00130    0.15200    0.55279    -0.00203    
289.56519    0.72590    -0.00200    0.15210    0.55279    -0.00007    
289.93790    0.72550    -0.00270    0.15200    0.55115    -0.00052    
290.31049    0.72690    -0.00280    0.15160    0.55122    -0.00334    
290.68320    0.72680    -0.00270    0.15160    0.55128    -0.00157    
291.05588    0.72770    -0.00370    0.15270    0.55141    -0.00262    
291.42859    0.72840    -0.00520    0.15200    0.55155    -0.00295    
291.80118    0.72870    -0.00450    0.15220    0.55338    -0.00308    
292.17389    0.72910    -0.00530    0.15230    0.55174    -0.00216    
292.54657    0.72880    -0.00600    0.15220    0.55194    -0.00361    
292.91928    0.72960    -0.00690    0.15320    0.55214    -0.00524    
293.29187    0.73000    -0.00760    0.15330    0.55397    -0.00328    
293.66458    0.73030    -0.00820    0.15340    0.55410    -0.00433    
294.03729    0.72920    -0.00970    0.15380    0.55436    -0.00393    
294.40988    0.73040    -0.00970    0.15260    0.55627    -0.00334    
294.78259    0.73070    -0.00970    0.15110    0.55633    -0.00367    
295.15527    0.73200    -0.01050    0.15140    0.55646    -0.00361    
295.52798    0.73080    -0.01100    0.15100    0.55640    -0.00302    
295.90057    0.72920    -0.01080    0.15050    0.55325    -0.00256    
296.27328    0.73080    -0.01100    0.15100    0.55318    -0.00216    
296.64600    0.72850    -0.01160    0.15190    0.55331    -0.00315    
297.01859    0.73020    -0.01180    0.15240    0.55338    -0.00361    
297.39130    0.72930    -0.01250    0.15290    0.55528    -0.00406    
297.76398    0.72970    -0.01320    0.15310    0.55535    -0.00092    
298.13669    0.73060    -0.01250    0.15260    0.55371    -0.00184    
298.50928    0.72830    -0.01300    0.15340    0.55391    -0.00203    
298.88199    0.72890    -0.01380    0.15440    0.55404    -0.00236    
299.25470    0.72800    -0.01440    0.15490    0.55417    -0.00092    
299.62729    0.72690    -0.01500    0.15450    0.55417    -0.00197    
300.00000    0.72710    -0.01510    0.15540    0.55430    0.00079    
300.37268    0.72730    -0.01720    0.15710    0.55279    -0.00039    
300.74527    0.72720    -0.01710    0.15700    0.55286    0.00033    
301.11798    0.72370    -0.01810    0.15750    0.55292    0.00111    
301.49069    0.72290    -0.01810    0.16060    0.55450    0.00020    
301.86328    0.72360    -0.02060    0.16070    0.55482    0.00203    
302.23599    0.72600    -0.02160    0.16220    0.55482    0.00203    
302.60867    0.72470    -0.02210    0.16180    0.55522    0.00393    
302.98138    0.72570    -0.02300    0.16370    0.55568    0.00813    
303.35397    0.72420    -0.02280    0.16410    0.55745    0.00983    
303.72668    0.72340    -0.02270    0.16390    0.55581    0.01029    
304.09940    0.72370    -0.02490    0.16640    0.55594    0.01003    
304.47198    0.72290    -0.02500    0.16530    0.55574    0.00865    
304.84470    0.72450    -0.02580    0.16740    0.55613    0.01187    
305.21738    0.72160    -0.02700    0.16730    0.55417    0.01305    
305.59009    0.72120    -0.02770    0.17050    0.55463    0.01259    
305.96268    0.72100    -0.03060    0.17200    0.55509    0.01246    
306.33539    0.72090    -0.03350    0.17440    0.55515    0.01501    
306.70810    0.72190    -0.03570    0.17710    0.55692    0.01698    
307.08069    0.71930    -0.04000    0.18130    0.55515    0.01862    
307.45340    0.71380    -0.04260    0.18720    0.55515    0.01862    
307.82608    0.69150    -0.03620    0.18810    0.55659    0.01796    
308.19879    0.66780    -0.02480    0.17960    0.55666    0.02196    
308.57138    0.65560    -0.00790    0.16790    0.54591    0.00465    
308.94409    0.65650    0.00420    0.16220    0.51785    -0.00334    
309.31677    0.66760    0.01490    0.15600    0.48330    -0.01042    
309.68948    0.68770    0.01830    0.15600    0.45970    -0.01318    
310.06207    0.70990    0.02020    0.16180    0.46383    -0.01003    
310.43478    0.71490    0.02170    0.16340    0.49346    -0.01364    
310.80750    0.71620    0.02020    0.16120    0.52860    -0.00924    
311.18008    0.71710    0.01950    0.15980    0.54787    -0.00498    
311.55280    0.71760    0.01680    0.15750    0.55161    -0.00564    
311.92548    0.71880    0.01580    0.15700    0.55345    -0.00406    
312.29810    0.71930    0.01580    0.15550    0.55528    -0.00216    
312.67078    0.72230    0.01410    0.15470    0.55004    -0.00518    
313.04349    0.72230    0.01150    0.15380    0.55023    -0.00597    
313.41608    0.72450    0.00920    0.15450    0.55200    -0.00498    
313.78879    0.72440    0.00660    0.15360    0.55377    -0.00341    
314.16150    0.72490    0.00590    0.15370    0.55037    -0.00656    
314.53409    0.72380    0.00530    0.15330    0.55220    -0.00603    
314.90680    0.72510    0.00300    0.15290    0.55391    -0.00446    
315.27948    0.72660    0.00280    0.15340    0.55404    -0.00551    
315.65219    0.72660    0.00280    0.15340    0.55240    -0.00570    
316.02478    0.72800    0.00270    0.15300    0.55246    -0.00675    
316.39749    0.72650    0.00160    0.15250    0.55423    -0.00754    
316.77017    0.72760    0.00070    0.15200    0.55443    -0.00721    
317.14288    0.72810    0.00000    0.15210    0.55627    -0.00669    
317.51547    0.72810    0.00000    0.15210    0.55463    -0.00688    
317.88818    0.72910    -0.00080    0.15160    0.55463    -0.00570    
318.26089    0.73000    -0.00310    0.15270    0.55312    -0.00695    
318.63348    0.73030    -0.00240    0.15280    0.55318    -0.00977    
319.00620    0.73350    -0.00420    0.15380    0.55325    -0.00911    
319.37888    0.73100    -0.00450    0.15380    0.55325    -0.00728    
319.75159    0.73000    -0.00520    0.15340    0.55522    -0.01082    
320.12418    0.73020    -0.00530    0.15430    0.55535    -0.00951    
320.49689    0.73100    -0.00750    0.15530    0.55535    -0.00879    
320.86960    0.73130    -0.00680    0.15540    0.55548    -0.00741    
321.24219    0.73210    -0.00690    0.15570    0.55391    -0.00924    
321.61490    0.73080    -0.00740    0.15440    0.55417    -0.00885    
321.98758    0.73130    -0.00800    0.15540    0.55594    -0.00970    
322.36029    0.73170    -0.00880    0.15550    0.55620    -0.00931    
322.73288    0.73000    -0.00950    0.15490    0.55633    -0.00892    
323.10559    0.73220    -0.01040    0.15640    0.55640    -0.00819    
323.47827    0.73120    -0.00960    0.15690    0.55305    -0.00990    
323.85089    0.73070    -0.01100    0.15750    0.55489    -0.00800    
324.22357    0.73040    -0.01170    0.15740    0.55502    -0.00964    
324.59628    0.73080    -0.01240    0.15750    0.55666    -0.00885    
324.96887    0.72990    -0.01300    0.15800    0.55666    -0.00990    
325.34158    0.72990    -0.01300    0.15800    0.55679    -0.00983    
325.71429    0.73050    -0.01390    0.15820    0.55679    -0.00715    
326.08688    0.73000    -0.01450    0.15800    0.55528    -0.00787    
326.45959    0.73000    -0.01450    0.15800    0.55528    -0.00656    
326.83228    0.72950    -0.01450    0.15870    0.55528    -0.00656    
327.20499    0.72950    -0.01450    0.15870    0.55528    -0.00518    
327.57758    0.73130    -0.01470    0.16010    0.55535    -0.00682    
327.95029    0.72980    -0.01530    0.16120    0.55541    -0.00479    
328.32300    0.72840    -0.01510    0.16160    0.55371    -0.00498    
328.69559    0.72910    -0.01600    0.16260    0.55371    -0.00485    
329.06830    0.72690    -0.01580    0.16270    0.55548    -0.00433    
329.44098    0.72870    -0.01600    0.16410    0.55561    -0.00400    
329.81369    0.72610    -0.01640    0.16410    0.55574    -0.00321    
330.18628    0.72570    -0.01630    0.16560    0.55568    -0.00125    
330.55899    0.72600    -0.01650    0.16650    0.55397    -0.00125    
330.93167    0.72500    -0.01570    0.16700    0.55397    -0.00125    
331.30438    0.72570    -0.01670    0.16800    0.55574    -0.00072    
331.67697    0.72630    -0.01600    0.16900    0.55581    0.00000    
332.04968    0.72580    -0.01530    0.16890    0.55594    -0.00020    
332.42239    0.72480    -0.01520    0.17100    0.55436    0.00243    
332.79498    0.72270    -0.01420    0.17040    0.55436    0.00321    
333.16769    0.72620    -0.01390    0.17150    0.55279    0.00302    
333.54037    0.72400    -0.01140    0.17090    0.55436    0.00216    
333.91309    0.72250    -0.01120    0.17130    0.55613    0.00590    
334.28568    0.72160    -0.00760    0.17030    0.55594    0.00931    
334.65839    0.72110    -0.00760    0.17090    0.55384    0.00898    
335.03110    0.72110    -0.00800    0.17010    0.55364    0.00826    
335.40369    0.71090    -0.01270    0.16620    0.55279    0.00590    
335.77640    0.69380    -0.01900    0.15850    0.55043    0.00387    
336.14908    0.68250    -0.02570    0.15150    0.52486    0.00007    
336.52170    0.68930    -0.02970    0.14840    0.49621    -0.00885    
336.89438    0.70670    -0.02870    0.15200    0.48494    -0.00865    
337.26709    0.71840    -0.01760    0.15760    0.49523    -0.00905    
337.63968    0.72120    -0.00940    0.15940    0.51293    -0.00787    
338.01239    0.72050    -0.00310    0.16020    0.53286    -0.00538    
338.38507    0.72040    0.00040    0.15940    0.54735    -0.00118    
338.75778    0.72170    0.00290    0.15990    0.55436    -0.00046    
339.13037    0.72140    0.00520    0.15830    0.55443    -0.00013    
339.50308    0.72280    0.00510    0.15790    0.55443    -0.00157    
339.87579    0.72340    0.00500    0.15730    0.55423    -0.00046    
340.24838    0.72270    0.00320    0.15540    0.55417    -0.00184    
340.62109    0.72600    0.00270    0.15640    0.55246    -0.00302    
340.99377    0.72530    0.00090    0.15450    0.55240    -0.00341    
341.36649    0.72570    -0.00120    0.15370    0.55246    -0.00518    
341.73907    0.72880    -0.00170    0.15390    0.55253    -0.00518    
342.11179    0.72950    -0.00320    0.15330    0.55436    -0.00603    
342.48450    0.73060    -0.00400    0.15280    0.55423    -0.00400    
342.85709    0.72930    -0.00440    0.15240    0.55423    -0.00334    
343.22980    0.73070    -0.00450    0.15200    0.55089    -0.00511    
343.60248    0.73040    -0.00520    0.15190    0.55273    -0.00839    
343.97519    0.73160    -0.00610    0.15230    0.55279    -0.00597    
344.34778    0.73170    -0.00660    0.15150    0.55286    -0.00656    
344.72049    0.72830    -0.00700    0.15040    0.55299    -0.00695    
345.09317    0.73100    -0.00810    0.15040    0.55489    -0.00701    
345.46588    0.73340    -0.00960    0.15120    0.55318    -0.00800    
345.83847    0.73310    -0.00910    0.15110    0.55331    -0.00898    
346.21118    0.73450    -0.01060    0.15070    0.55345    -0.00898    
346.58389    0.73450    -0.01060    0.15070    0.55351    -0.00937    
346.95648    0.73460    -0.01200    0.15070    0.55541    -0.00944    
347.32919    0.73370    -0.01260    0.15120    0.55364    -0.00859    
347.70187    0.73480    -0.01340    0.15070    0.55194    -0.01016    
348.07449    0.73410    -0.01320    0.15130    0.55384    -0.01141    
348.44717    0.73430    -0.01480    0.15130    0.55404    -0.00924    
348.81989    0.73340    -0.01450    0.15100    0.55220    -0.01016    
349.19247    0.73430    -0.01480    0.15130    0.55227    -0.00839    
349.56519    0.73250    -0.01610    0.15230    0.55233    -0.01187    
349.93790    0.73400    -0.01620    0.15280    0.55253    -0.01285    
350.31049    0.73350    -0.01740    0.15340    0.55423    -0.01056    
350.68320    0.73380    -0.01760    0.15430    0.55443    -0.01088    
351.05588    0.73290    -0.01830    0.15480    0.55456    -0.00937    
351.42859    0.73340    -0.01910    0.15490    0.55456    -0.00937    
351.80118    0.73260    -0.01970    0.15630    0.55292    -0.00957    
352.17389    0.73390    -0.01980    0.15590    0.55463    -0.00977    
352.54657    0.73210    -0.02110    0.15690    0.55292    -0.00996    
352.91928    0.73210    -0.02110    0.15690    0.55482    -0.00865    
353.29187    0.73280    -0.02190    0.15790    0.55299    -0.00924    
353.66458    0.73210    -0.02170    0.15850    0.55476    -0.01174    
354.03729    0.72990    -0.02240    0.15940    0.55469    -0.00872    
354.40988    0.73070    -0.02330    0.16040    0.55305    -0.00951    
354.78259    0.73120    -0.02320    0.15980    0.55482    -0.00898    
355.15527    0.72920    -0.02520    0.16150    0.55318    -0.00918    
355.52798    0.73000    -0.02530    0.16180    0.55338    -0.00813    
355.90057    0.73040    -0.02610    0.16190    0.55345    -0.00800    
356.27328    0.72950    -0.02670    0.16240    0.55371    -0.00760    
356.64600    0.72870    -0.02750    0.16290    0.55384    -0.00479    
357.01859    0.72950    -0.02740    0.16400    0.55430    -0.00708    
357.39130    0.72700    -0.02800    0.16410    0.55436    -0.00492    
357.76398    0.72600    -0.02850    0.16460    0.55463    -0.00374    
358.13669    0.72690    -0.02960    0.16560    0.55482    -0.00334    
358.50928    0.72900    -0.03040    0.16710    0.55502    -0.00052    
358.88199    0.72580    -0.03010    0.16610    0.55351    -0.00157    
359.25470    0.72490    -0.03080    0.16660    0.55384    -0.00138    
359.62729    0.72600    -0.03170    0.16610    0.55561    -0.00085    
360.00000    0.72660    -0.03250    0.16710    0.55561    -0.00105    
