    0.32412157200000E-06    0.77421522300000E-04
    0.13469168600000E-05    0.15673357100000E-03
    0.31491015300000E-05    0.23907178500000E-03
    0.58186065000000E-05    0.32453247700000E-03
    0.94511069600000E-05    0.41288611800000E-03
    0.14150627100000E-04    0.50419510800000E-03
    0.20030303900000E-04    0.59855886500000E-03
    0.27212760000000E-04    0.69610099300000E-03
    0.35831089900000E-04    0.79693086400000E-03
    0.46029341300000E-04    0.90113154100000E-03
    0.57963996400000E-04    0.10087577400000E-02
    0.71803275200000E-04    0.11198367000000E-02
    0.87729800700000E-04    0.12343584100000E-02
    0.10594040900000E-03    0.13522818900000E-02
    0.12664731200000E-03    0.14735423000000E-02
    0.15007861700000E-03    0.15980552400000E-02
    0.17647937100000E-03    0.17256981200000E-02
    0.20611404000000E-03    0.18562923700000E-02
    0.23926592300000E-03    0.19896633500000E-02
    0.27623600900000E-03    0.21255803300000E-02
    0.31735107800000E-03    0.22637452900000E-02
    0.36295430600000E-03    0.24038772100000E-02
    0.41341540100000E-03    0.25455725800000E-02
    0.46912845600000E-03    0.26884027800000E-02
    0.53050642600000E-03    0.28319764000000E-02
    0.59799227200000E-03    0.29757116000000E-02
    0.67205610700000E-03    0.31189895200000E-02
    0.75318932100000E-03    0.32612676700000E-02
    0.84191025200000E-03    0.34019185700000E-02
    0.93876424900000E-03    0.35402183400000E-02
    0.10443248300000E-02    0.36753926000000E-02
    0.11591931100000E-02    0.38066708900000E-02
    0.12839939400000E-02    0.39333170300000E-02
    0.14193778600000E-02    0.40545710400000E-02
    0.15660208900000E-02    0.41696638800000E-02
    0.17246230300000E-02    0.42778509700000E-02
    0.18959083800000E-02    0.43784230900000E-02
    0.20806232900000E-02    0.44707194900000E-02
    0.22795356300000E-02    0.45541408500000E-02
    0.24934341200000E-02    0.46281619000000E-02
    0.27231271400000E-02    0.46923444600000E-02
    0.29694417000000E-02    0.47463444100000E-02
    0.32332220600000E-02    0.47899526500000E-02
    0.35153199000000E-02    0.48230765400000E-02
    0.38166057800000E-02    0.48456611100000E-02
    0.41379672500000E-02    0.48577515400000E-02
    0.44803079200000E-02    0.48595196600000E-02
    0.48445500400000E-02    0.48512495100000E-02
    0.52316342500000E-02    0.48334053700000E-02
    0.56424853400000E-02    0.48065218100000E-02
    0.60780341700000E-02    0.47711920900000E-02
    0.65392623700000E-02    0.47281505500000E-02
    0.70271776100000E-02    0.46780365500000E-02
    0.75427866500000E-02    0.46206349500000E-02
    0.80870343400000E-02    0.45545357300000E-02
    0.86609777100000E-02    0.44779148900000E-02
    0.92657199100000E-02    0.43904092200000E-02
    0.99022798200000E-02    0.42978860400000E-02
    0.10571722900000E-01    0.42272703700000E-02
    0.11275160100000E-01    0.42271493000000E-02
    0.12013834900000E-01    0.43513895900000E-02
    0.12788717600000E-01    0.46246373100000E-02
    0.13601097300000E-01    0.49976287400000E-02
    0.14452201300000E-01    0.53742057600000E-02
    0.15343258200000E-01    0.56811845900000E-02
    0.16275517600000E-01    0.58975531700000E-02
    0.17250269700000E-01    0.60391482000000E-02
    0.18268857200000E-01    0.61296741500000E-02
    0.19332645500000E-01    0.61869076500000E-02
    0.20443037200000E-01    0.62214066300000E-02
    0.21601475800000E-01    0.62394430900000E-02
    0.22809438400000E-01    0.62454519800000E-02
    0.24068433800000E-01    0.62428051600000E-02
    0.25379998600000E-01    0.62338477000000E-02
    0.26745716100000E-01    0.62198890400000E-02
    0.28167238500000E-01    0.62020947200000E-02
    0.29646202900000E-01    0.61816666300000E-02
    0.31184334300000E-01    0.61591723900000E-02
    0.32783363000000E-01    0.61349319300000E-02
    0.34445084600000E-01    0.61092423300000E-02
    0.36171313400000E-01    0.60823503900000E-02
    0.37963911900000E-01    0.60543716000000E-02
    0.39824787500000E-01    0.60253189900000E-02
    0.41755877400000E-01    0.59951287700000E-02
    0.43759152300000E-01    0.59638717200000E-02
    0.45836631200000E-01    0.59318603000000E-02
    0.47990355600000E-01    0.58992882300000E-02
    0.50222411800000E-01    0.58662355900000E-02
    0.52534915500000E-01    0.58327424300000E-02
    0.54930005200000E-01    0.57987961900000E-02
    0.57409856500000E-01    0.57642799800000E-02
    0.59976670900000E-01    0.57290690000000E-02
    0.62632665000000E-01    0.56931260000000E-02
    0.65380096400000E-01    0.56564179200000E-02
    0.68221218900000E-01    0.56189899300000E-02
    0.71158312300000E-01    0.55810418000000E-02
    0.74193663900000E-01    0.55427639700000E-02
    0.77329583500000E-01    0.55042579800000E-02
    0.80568358300000E-01    0.54655754900000E-02
    0.83912305500000E-01    0.54267547100000E-02
    0.87363712500000E-01    0.53878254300000E-02
    0.90924873900000E-01    0.53488086000000E-02
    0.94598054900000E-01    0.53097223900000E-02
    0.98385512800000E-01    0.52705775000000E-02
    0.10228947600000E+00    0.52313488000000E-02
    0.10631212600000E+00    0.51919268400000E-02
    0.11045561700000E+00    0.51523158300000E-02
    0.11472206600000E+00    0.51126498700000E-02
    0.11911351200000E+00    0.50729848400000E-02
    0.12363196200000E+00    0.50333342500000E-02
    0.12827932800000E+00    0.49937013500000E-02
    0.13305746000000E+00    0.49540870800000E-02
    0.13796812300000E+00    0.49144951600000E-02
    0.14301298600000E+00    0.48749311800000E-02
    0.14819361300000E+00    0.48353979400000E-02
    0.15351146500000E+00    0.47959005500000E-02
    0.15896785300000E+00    0.47564413400000E-02
    0.16456401300000E+00    0.47170044900000E-02
    0.17030100500000E+00    0.46775117500000E-02
    0.17617973700000E+00    0.46379463700000E-02
    0.18220096800000E+00    0.45983926400000E-02
    0.18836531000000E+00    0.45588999100000E-02
    0.19467318100000E+00    0.45194784200000E-02
    0.20112480200000E+00    0.44801360900000E-02
    0.20772022000000E+00    0.44408789800000E-02
    0.21445927000000E+00    0.44017150100000E-02
    0.22134159500000E+00    0.43626520800000E-02
    0.22836656900000E+00    0.43236981100000E-02
    0.23553341600000E+00    0.42848610300000E-02
    0.24284106500000E+00    0.42461515400000E-02
    0.25028821800000E+00    0.42075743000000E-02
    0.25787335600000E+00    0.41691334900000E-02
    0.26559466100000E+00    0.41308216800000E-02
    0.27345013600000E+00    0.40926067200000E-02
    0.28143745700000E+00    0.40545170200000E-02
    0.28955403000000E+00    0.40166289500000E-02
    0.29779711400000E+00    0.39789699900000E-02
    0.30616354900000E+00    0.39415536400000E-02
    0.31464999900000E+00    0.39043992300000E-02
    0.32325282700000E+00    0.38675216500000E-02
    0.33196821800000E+00    0.38309332400000E-02
    0.34079200000000E+00    0.37946489200000E-02
    0.34971979300000E+00    0.37586833400000E-02
    0.35874697600000E+00    0.37230516300000E-02
    0.36786869200000E+00    0.36877663800000E-02
    0.37707978500000E+00    0.36528401500000E-02
    0.38637501000000E+00    0.36182871600000E-02
    0.39574876400000E+00    0.35841211200000E-02
    0.40519538500000E+00    0.35503443800000E-02
    0.41470888300000E+00    0.35169224700000E-02
    0.42428320600000E+00    0.34838588900000E-02
    0.43391206900000E+00    0.34512046300000E-02
    0.44358909100000E+00    0.34189743500000E-02
    0.45330774800000E+00    0.33871745700000E-02
    0.46306139200000E+00    0.33558181000000E-02
    0.47284331900000E+00    0.33249135600000E-02
    0.48264667400000E+00    0.32944616400000E-02
    0.49246460200000E+00    0.32644625800000E-02
    0.50229024900000E+00    0.32349186900000E-02
    0.51211661100000E+00    0.32058276700000E-02
    0.52193683400000E+00    0.31771850800000E-02
    0.53174394400000E+00    0.31489874200000E-02
    0.54153114600000E+00    0.31212312200000E-02
    0.55129158500000E+00    0.30939092400000E-02
    0.56101858600000E+00    0.30670117100000E-02
    0.57070541400000E+00    0.30405302500000E-02
    0.58034563100000E+00    0.30144578800000E-02
    0.58993279900000E+00    0.29887845700000E-02
    0.59946060200000E+00    0.29634961400000E-02
    0.60892307800000E+00    0.29385672000000E-02
    0.61831420700000E+00    0.29139674700000E-02
    0.62762826700000E+00    0.28896923200000E-02
    0.63685971500000E+00    0.28657487100000E-02
    0.64600330600000E+00    0.28421266500000E-02
    0.65505385400000E+00    0.28188105200000E-02
    0.66400659100000E+00    0.27957835700000E-02
    0.67285674800000E+00    0.27730295000000E-02
    0.68160009400000E+00    0.27505313000000E-02
    0.69023245600000E+00    0.27282736300000E-02
    0.69874995900000E+00    0.27062401600000E-02
    0.70714896900000E+00    0.26844141500000E-02
    0.71542620700000E+00    0.26627769700000E-02
    0.72357851300000E+00    0.26413095200000E-02
    0.73160314600000E+00    0.26199934100000E-02
    0.73949754200000E+00    0.25988102400000E-02
    0.74725943800000E+00    0.25777430300000E-02
    0.75488674600000E+00    0.25567761600000E-02
    0.76237773900000E+00    0.25358942800000E-02
    0.76973092600000E+00    0.25150836400000E-02
    0.77694493500000E+00    0.24943309800000E-02
    0.78401881500000E+00    0.24736230300000E-02
    0.79095178800000E+00    0.24529474300000E-02
    0.79774320100000E+00    0.24322918600000E-02
    0.80439275500000E+00    0.24116446700000E-02
    0.81090021100000E+00    0.23909944600000E-02
    0.81726580900000E+00    0.23703300400000E-02
    0.82348960600000E+00    0.23496407100000E-02
    0.82957214100000E+00    0.23289164500000E-02
    0.83551400900000E+00    0.23081470300000E-02
    0.84131598500000E+00    0.22873235900000E-02
    0.84697902200000E+00    0.22664368200000E-02
    0.85250413400000E+00    0.22454774000000E-02
    0.85789257300000E+00    0.22244318400000E-02
    0.86314570900000E+00    0.22032845300000E-02
    0.86826503300000E+00    0.21820247600000E-02
    0.87325203400000E+00    0.21606450900000E-02
    0.87810844200000E+00    0.21391429500000E-02
    0.88283604400000E+00    0.21175185700000E-02
    0.88743662800000E+00    0.20957707900000E-02
    0.89191222200000E+00    0.20738949500000E-02
    0.89626473200000E+00    0.20518859400000E-02
    0.90049624400000E+00    0.20297395500000E-02
    0.90460896500000E+00    0.20074506800000E-02
    0.90860492000000E+00    0.19850116200000E-02
    0.91248637400000E+00    0.19624112200000E-02
    0.91625553400000E+00    0.19396359600000E-02
    0.91991466300000E+00    0.19166822300000E-02
    0.92346602700000E+00    0.18935564400000E-02
    0.92691201000000E+00    0.18702636000000E-02
    0.93025481700000E+00    0.18468012600000E-02
    0.93349677300000E+00    0.18231580000000E-02
    0.93664020300000E+00    0.17993162600000E-02
    0.93968743100000E+00    0.17752628800000E-02
    0.94264072200000E+00    0.17509888900000E-02
    0.94550240000000E+00    0.17264828800000E-02
    0.94827467200000E+00    0.17017368200000E-02
    0.95095992100000E+00    0.16767514200000E-02
    0.95356023300000E+00    0.16515356300000E-02
    0.95607793300000E+00    0.16260999300000E-02
    0.95851516700000E+00    0.16004465300000E-02
    0.96087408100000E+00    0.15745677500000E-02
    0.96315681900000E+00    0.15484512600000E-02
    0.96536552900000E+00    0.15220821400000E-02
    0.96750217700000E+00    0.14954432800000E-02
    0.96956884900000E+00    0.14685143300000E-02
    0.97156757100000E+00    0.14412695300000E-02
    0.97350019200000E+00    0.14136749100000E-02
    0.97536879800000E+00    0.13856870400000E-02
    0.97717517600000E+00    0.13572503800000E-02
    0.97892111500000E+00    0.13282968400000E-02
    0.98060852300000E+00    0.12987523800000E-02
    0.98223918700000E+00    0.12685520300000E-02
    0.98381471600000E+00    0.12376516800000E-02
    0.98533690000000E+00    0.12060178000000E-02
    0.98680734600000E+00    0.11735529400000E-02
    0.98822766500000E+00    0.11399098400000E-02
    0.98959940700000E+00    0.11041642900000E-02
    0.99092412000000E+00    0.10644317400000E-02
    0.99220335500000E+00    0.10175239300000E-02
    0.99343848200000E+00    0.95915666300000E-03
    0.99463093300000E+00    0.88410481100000E-03
    0.99578207700000E+00    0.78810087900000E-03
    0.99689328700000E+00    0.66424481300000E-03
    0.99796581300000E+00    0.51206187300000E-03
    0.99900096700000E+00    0.11047041000000E-02
